0.18678532877492673
0.019374565209394335
0.004411278674270147
0.003531399170235128
0.0066939952320364425
0.002915742616434891
0.0032992861604163705
0.006509134776539638
0.0046190725128733455
0.0034483528145761943
0.002835823030233642
0.009976048195705679
0.0028205131506806257
0.009217643716423507
0.003989273507082713
0.0029369012951328656
0.0042957303280568345
0.004235375337737768
0.0044268071944647104
0.0043780979001323715
0.004827712017091523
0.004467262883766343
0.005385873342398262
0.004244586558740093
0.0037579327884455617
0.004110701117171778
0.004157395200167424
0.0031869158791231643
0.003016827430946156
0.0023939093701264903
0.0025171611936599
0.0032141748014742344
0.0033094594418468628
0.003728004943936236
0.0034093493290914935
0.003923913017463509
0.003635674102310471
0.004501770174819453
0.0049434749960290516
0.005397873185440927
0.005456209383513955
0.0037754060167452417
0.004325118964983732
0.0033657563460141706
0.004064044889846541
0.0029346753094584123
0.00286608508985402
0.002925771475624661
0.005551848603398068
0.011809366284910283
0.0022110850815831307
0.004526997930666054
0.0028408372555987715
0.0027454801890373416
0.0029265981578369127
0.004028787804829792
0.003403806401832232
0.004335671590165124
0.00371680432245034
0.004649602041995304
0.004633406998404588
0.005038684270473326
0.004521015729352773
0.004113915507227906
0.003494949912229539
0.0031257609920061213
0.006649614491241462
0.0027758920749348047
0.002748347006699925
0.0029712753864538756
0.011653156924164975
0.004582095121683815
0.003697926749503355
0.007040844642783007
0.004317165188058647
0.0038799380084318493
0.00513758584656987
0.004944167210706918
0.004797380484620162
0.004641022474524981
0.0048000176406923336
0.004865391933737984
0.003540932988744472
0.006234288995098069
0.0034478439864775723
0.0032748923389902653
0.005833958752206081
0.003217099104774179
0.00845312424162369
0.012581162512556643
0.008322404318570398
0.0025159039882543532
0.008264916064491135
0.0025342948838784295
0.003628207180499776
0.0032144711550742278
0.003712301884587299
0.003183598054106096
0.0038229029720358797
0.0
