0.7630199890473262
0.9610043671387286
0.9900638056179256
0.9925998969725555
0.9888124106201064
0.9920423468844582
0.9922822235127808
0.9902439244839499
0.990774143822286
0.9925449366023772
0.9913634139478191
0.9901362472974121
0.9915167138156157
0.9874285304132782
0.9908793651821298
0.9917196758207227
0.9916504003304979
0.9901157765104587
0.9890857210331003
0.9900016178272179
0.9890142778356281
0.9903771795332432
0.989019245240635
0.9923095686191145
0.9931389558215755
0.9939005014205092
0.9931155482193296
0.9949179633923159
0.9953269622555755
0.9963584975923906
0.9961945545027371
0.9951886875138983
0.9948736779814606
0.9940551121155028
0.9943504859270877
0.9937080742566625
0.9933621803173788
0.9918201730734367
0.9909264142591592
0.9883763521686582
0.9890647053374387
0.9910649195803855
0.9897454426363073
0.991166922449693
0.9897876250160447
0.9918184892082376
0.9918308899380281
0.9913358359596142
0.9910169972993896
0.9869228122617569
0.9932932587701329
0.9924685522925849
0.9914560231252185
0.9918770428316694
0.9915548562929344
0.9916565594160665
0.991366880578509
0.9907081242460952
0.9907535037422732
0.9916108481981091
0.9900441203870439
0.989626344817917
0.9909403652603341
0.9920686102698921
0.9936361547157047
0.9945776771069775
0.9929002069404833
0.9955734052360115
0.9957428359456884
0.9954802355475676
0.9937901867779827
0.9958109859758085
0.9959474886296494
0.9923208539271489
0.9947911024230158
0.9938163042356752
0.9915757896560826
0.9913505103174325
0.9905683162658194
0.9899956592453695
0.9890772979005285
0.9886177478647434
0.9911578458832946
0.9883412788336166
0.9907923677425128
0.99109467191108
0.989131770368368
0.9912462288415478
0.9902624721489953
0.9861725457049276
0.9886640591667719
0.9930325184594995
0.9880580545076979
0.9924951258895074
0.9910849523932985
0.9910107620998041
0.9899493922914715
0.9916449779455286
0.9903935445207683
0.0
