0.001567799831354732
1.164460983412335E-4
9.177365801801143E-5
1.2513258589191633E-4
2.099674953767125E-4
1.0746437652882598E-4
2.1498232199139945E-4
2.457446191782257E-4
2.6323222264855846E-4
2.763537281446081E-4
1.0652989108152402E-4
4.6878498682144604E-4
1.0746061031505841E-4
1.1147716729572858E-4
1.1347433759010289E-4
1.0050703088482105E-4
2.2528761533546394E-4
1.3741837732962668E-4
1.2177284710542045E-4
1.1053649739988646E-4
1.1108417151849508E-4
1.142532802646686E-4
1.1008738428717511E-4
1.3329378009106416E-4
1.1305548431255754E-4
1.112527133940497E-4
1.2104453669116943E-4
1.1005443219212886E-4
1.0435831814595048E-4
1.0830676748025604E-4
1.08536700176254E-4
1.1851400800245042E-4
1.1450985655249503E-4
1.0866426947365024E-4
1.0472798809773994E-4
1.0765055590423986E-4
1.1205469076561959E-4
1.3944640042517313E-4
1.3552395592365677E-4
1.1087120757338246E-4
1.5212467856416984E-4
1.186705345672432E-4
1.209487948485933E-4
1.0714281196317302E-4
1.2279420977120647E-4
1.1102594108132779E-4
1.1451458962711972E-4
1.0996937258691496E-4
2.7808254033703686E-4
2.9650640164672855E-4
1.0208157674547627E-4
2.7855226351692063E-4
9.885456004528448E-5
1.0450282712484577E-4
1.0530050292899216E-4
1.7910655681508482E-4
1.2042555120068893E-4
1.086289010418916E-4
1.1739969031819416E-4
2.595813268817191E-4
1.336614416009347E-4
1.1020495732253486E-4
1.0608123807221883E-4
1.0803907568145504E-4
1.1553569168179638E-4
1.0819934202710865E-4
2.3752025143251157E-4
1.0079202796826779E-4
1.0785567650293515E-4
1.0559624810070885E-4
7.555087074500133E-4
5.575618182116296E-4
1.3636766202779001E-4
1.0539610912541119E-4
2.2019449278180736E-4
1.4449258517300513E-4
1.4616972069901303E-4
1.1174167165613758E-4
1.0770261516296685E-4
1.0675199211639787E-4
1.0726649167992781E-4
9.883957453407969E-5
1.1151002019399704E-4
1.2801299830924646E-4
1.0973099368567192E-4
1.1116191136945458E-4
1.0789648060060071E-4
1.1313053054882462E-4
1.064825225648974E-4
3.1691704222580077E-4
1.0139082494396194E-4
9.468081752970166E-5
1.0773505741230531E-4
1.0748915996845512E-4
1.1041872446642285E-4
1.1195505316688223E-4
1.121729915496117E-4
1.0929512770974099E-4
1.0808351575895847E-4
0.0
