0.01201462749022696
0.014486401457421772
9.884960564658513E-4
0.05560025073971957
0.0010371549670372294
8.733912827232072E-5
0.10340923885632865
0.0792291933648003
3.424094662851373E-5
1.2520158064490693E-4
7.761130493459667E-5
0.003377575494825591
2.1249865928711366E-4
0.052026597676974186
7.228704800996133E-5
7.569952483555964E-5
6.190516107324934E-4
4.092729231360115E-4
2.746630931759975E-4
5.175837761173697E-4
0.0015629480755702696
0.01234193506279604
1.7457417320067558E-4
2.6729163570735623E-4
3.70235241025918E-4
0.011881382728970862
2.6674320744088376E-4
1.7506531563050154E-4
2.5582148996705634E-4
1.3389395551298698E-4
1.628560873042695E-4
0.001051109428999586
4.3223230240480026E-4
2.037136038878673E-4
2.2262326818215384E-4
2.9493979589009236E-4
3.166975715495457E-4
0.10977120849124171
3.329796780190047E-4
0.0023271241726641467
0.003171366799899314
2.842911969373363E-4
2.2252395469987972E-4
0.025528300583361842
0.0014735272198479255
0.0036928539251372128
1.3820007618585984E-4
0.022261190971945306
2.5715320620844917E-5
0.1848242077070191
4.376277684622898E-6
8.277424289355559E-4
6.920021222688311E-5
8.013164680096135E-4
2.0636897992267478E-4
2.1463640717353516E-4
0.0029266045641986316
0.015284491227482554
0.03683298422628846
0.002563745414165522
0.0030000673735270044
0.0033850885152968803
2.8035956198566025E-4
6.817553454681047E-5
1.6745977697036062E-4
0.0024030692117418566
0.0028811460524705403
0.006479822891427017
3.082472701451122E-5
0.03337116533636717
3.114558980034654E-5
8.864519559815709E-4
0.13845215716683928
0.012791196952673622
1.605794413362796E-4
1.3782160826124323E-4
0.0010356689545270247
0.004302333384631161
3.2086271119998735E-4
4.921354613990584E-4
0.0013681625510083921
1.0488281540060735E-4
0.010628853006477052
1.3521307580219576E-4
7.067490062799802E-4
2.5807914332549864E-5
1.2164266085502099E-4
0.0032262686787440085
7.004510807627762E-5
5.659984588105085E-5
5.872136914324491E-5
2.1751207089702045E-5
2.5325961605862644E-5
0.001019484563010014
2.511898519583666E-4
5.7101076485479436E-5
1.4635696135610333E-4
1.2447697853601238E-4
1.7783051537707332E-4
0.0
