1.2838681826919993
0.0808552026502943
0.012986780903919259
0.005920175776877967
0.004001206916834077
0.00242344752027599
0.0021174872201596196
0.002241371905584122
0.0018744165287627346
0.002296063559869899
0.0021507106455698867
0.002322509643651083
0.002205008078073645
0.002792414779734742
0.0034034257774933187
0.0031056345620512405
0.00360339924642773
0.0031833982427792117
0.004193767736087373
0.003518679688345705
0.00478159522242202
0.004664618982588531
0.0050104834455311775
0.004641447096098972
0.004698258317868853
0.003996878511973723
0.0038505665391177944
0.003397646142246402
0.0032670100530297398
0.003579527995226561
0.0027707225364710375
0.003527810741681292
0.003247870475673964
0.0040367572187350875
0.004011962040745054
0.004502872652225864
0.004863736777373307
0.005129295641740095
0.0055001725372118004
0.005890798649983065
0.005578021455725279
0.0049790582168655504
0.0047566002585340385
0.0039829005775496975
0.003831346766383825
0.004015892985718405
0.004359726255610352
0.003688277480771407
0.0032360509728906585
0.003626369501018778
0.0033261982591028085
0.004124691633373601
0.0038568781250093997
0.0035334530334181435
0.003850733788279015
0.003624452198394834
0.004186687498299635
0.004661488628726729
0.004262460930476985
0.005338935582522431
0.005023518621701029
0.0045824792733038635
0.005454894079740302
0.005404775650893678
0.004928626489514865
0.00415688314268754
0.0043499614485418055
0.003558541931803161
0.00395892084974161
0.0031930114274829834
0.003493454911587124
0.004035939529308918
0.003431686886311125
0.00328425852279608
0.0037864155000483235
0.004171834357275306
0.004975245856466826
0.005761860176728173
0.005594743970861049
0.0045059282332118086
0.004778130683500359
0.004420095602536844
0.005139242044388814
0.004234609387490052
0.003948458934923449
0.004209615326686611
0.003348550988126786
0.0030460132078285796
0.003213179287113821
0.0038826162503892035
0.0035287555853781294
0.00453801981882862
0.00357642328660972
0.004532336703604356
0.004038945363744617
0.003992776796937092
0.00392969696632024
0.0039506183749979384
0.0046059856657346574
0.0
