0.7550997199430813
0.9523809704529868
0.9766947534820176
0.9876343070926594
0.9898521391626085
0.9932112690665076
0.9938654345922565
0.9933630915621734
0.9943623659857573
0.9930291226482189
0.9934499448880445
0.9929488242825222
0.9933679779489589
0.9917307486551113
0.9901367716228251
0.9912439478307397
0.9901719760455261
0.9916455024688352
0.9894616098443466
0.9915705765198558
0.9891192191186949
0.9899447938361664
0.9897845926846959
0.9910515600609298
0.9914221568891118
0.993066531346597
0.9936193602498259
0.994581920976338
0.9949394316915123
0.9945549902701479
0.9958112203433235
0.9946336601252603
0.9949690787195387
0.9935627582465123
0.9933519173832449
0.9921887727407913
0.9911200346625705
0.9901110164503601
0.9887862112742472
0.987301600598825
0.9873069077603306
0.9880720628304808
0.9880472852828449
0.9895472915862369
0.9895502648408318
0.9886775575855609
0.987365384081271
0.9890778068669762
0.9902668964675234
0.9889902852984548
0.9898699611417608
0.9874773714861279
0.9883996283070509
0.9895362925759615
0.9888404593390309
0.9897811890291515
0.9885810974001906
0.9877664078072144
0.9892889928255789
0.9872099330020433
0.9885687092208114
0.9901218568962316
0.988878525297576
0.9895799070214931
0.9910015622984301
0.9927889679710452
0.9927918303324137
0.9943253474351579
0.9938676682768595
0.9951429411047046
0.9947185931927305
0.9938607184982245
0.9946843488022286
0.9947627352980085
0.9937256627031775
0.9927630317867544
0.9909164470091915
0.9888914688326175
0.9885933983998765
0.990286872837095
0.9891271028660862
0.9894111254912143
0.9870857564898842
0.9888867079878633
0.9892308494446864
0.988131375190312
0.9902957999794554
0.9909797609547839
0.9903356878702215
0.9882123161469455
0.989253066589377
0.9862225006301137
0.9892431551863231
0.986578272085346
0.9882950166144088
0.9887427315623695
0.9892820214254343
0.9896320128700493
0.9884257600678013
0.0
