0.02718457045074482
0.0010518811215763273
2.6420894706672576E-4
1.4593424265082897E-4
1.0849285311297527E-4
1.0188484541096522E-4
9.662323640058994E-5
9.494297244162634E-5
9.783286506978521E-5
1.0560461660201202E-4
1.060513380027236E-4
9.844787887025282E-5
1.0381180563956199E-4
1.0940222515399413E-4
1.1009493435698533E-4
1.0936311294492448E-4
1.150117627617255E-4
1.1754855037542038E-4
1.1562133914966486E-4
1.0717207284128866E-4
1.0731529183121913E-4
1.1480727934267093E-4
1.0552465933289908E-4
1.158406257780877E-4
1.065493411165058E-4
1.0499212837190649E-4
1.082293968062871E-4
1.1215670322274984E-4
1.089878394864149E-4
1.0737370154023014E-4
1.1300731005581496E-4
1.0593713438222837E-4
1.1246773704210543E-4
1.0704798359776355E-4
1.1021571837957099E-4
1.0527422264851194E-4
1.0907509791626935E-4
1.1901082237665782E-4
1.2286859023881864E-4
9.584641977039001E-5
1.1006364754517812E-4
1.147307138159254E-4
1.1098293944102342E-4
1.0460122301529057E-4
1.1436848973575618E-4
1.0795810563243987E-4
1.1178884728585097E-4
1.102735595972158E-4
1.1491111932973426E-4
1.1509288755289263E-4
1.088262660681575E-4
1.0620563220940244E-4
1.1870283718319918E-4
1.0860840504080423E-4
1.178463792865312E-4
1.0725696647904724E-4
1.1276489251561294E-4
1.0944125520298263E-4
1.1131340909210463E-4
1.0959844650404984E-4
1.0503895430502935E-4
1.111813873061033E-4
1.0735091627392745E-4
1.139927450439418E-4
1.0875075708157559E-4
1.1670147153774275E-4
1.1087669015769559E-4
1.1194635610357801E-4
1.034744076884919E-4
1.0789819941243157E-4
1.0817184512209262E-4
1.132949168508605E-4
1.0833246702527122E-4
1.1831292466914925E-4
1.1632254271573124E-4
1.0927374592182873E-4
1.111286406070872E-4
1.0524660144343808E-4
1.0637292986703347E-4
1.175118506492961E-4
1.0924560907820316E-4
1.1422787784205945E-4
1.1708806799099608E-4
1.1441177702318229E-4
1.1573904859631485E-4
1.1584904435957693E-4
1.1185509601330866E-4
1.0813678165599973E-4
1.1268584927787318E-4
1.1285394240690674E-4
1.1424540312489524E-4
1.0851357210083239E-4
1.1082292845761888E-4
1.0630440690229668E-4
1.1656690260475325E-4
1.046518665904034E-4
1.146810373686405E-4
1.1156729522257764E-4
1.1186834309387993E-4
0.0
