0.0036112825648266676
0.008681257864306093
0.0019928756276683343
8.257577280440812E-4
9.181624861440279E-5
7.130621552971263E-5
1.0813752542468414E-5
1.2109830251883988E-5
1.1508371608066198E-5
2.2497283823839226E-5
1.939849291702697E-5
1.3770578065686392E-5
4.091819506627653E-6
2.4366287963566156E-5
5.591943154213026E-5
4.0580717342550074E-5
1.595549415135296E-5
2.4411881314641627E-5
2.147505133369143E-5
2.114532643324868E-5
8.30675841957465E-6
2.0213638949967416E-5
3.5164122352056984E-5
5.2979766292353406E-5
6.0135525344501976E-5
1.2069605683621976E-5
2.1429501843700514E-5
8.677507394545814E-6
2.503086675530869E-5
4.885946812738379E-5
3.857394780136664E-5
6.207198392298788E-5
1.7130182558833251E-6
7.267879066144567E-6
4.915803290879706E-5
6.414799201514206E-5
0.0
4.4579131895632065E-5
3.1176920512168695E-5
1.9130830453190777E-5
2.3446807408331744E-5
3.535844589492958E-5
1.7947015387857756E-5
4.807315403955043E-5
4.7984531487694004E-5
1.9032740483610962E-5
2.774601638086405E-6
6.961209928552197E-5
2.510747933360015E-5
3.78311327388043E-5
2.485926202440772E-5
3.557119638892825E-5
1.4997699166643952E-6
2.443961419983376E-5
4.70962944441676E-5
5.105163866388901E-6
7.244676001619266E-6
2.8938435116662718E-5
1.9756277379664317E-5
1.776559779104528E-5
7.954406470593727E-5
5.27880094611119E-5
5.619966843905116E-5
1.7016905792484327E-5
8.95005364054749E-6
1.818675588908525E-5
2.94975021417912E-5
2.270462744655699E-5
6.374997273152217E-6
2.708334217621511E-5
1.3992427399300844E-5
7.082192597989562E-5
1.1276010999207442E-5
1.221712693238175E-5
3.0602285473829705E-6
2.556407469266955E-5
5.362546009982996E-5
2.0819182392087245E-5
2.261818453565892E-5
2.8373234750787153E-5
1.1690073340898943E-5
1.5544839296843805E-5
2.2449754801701083E-5
4.272760428179409E-6
0.0
2.6469243834389976E-5
5.646867116942261E-5
3.469950125462376E-6
6.1796685022208475E-6
6.36073078256711E-5
4.346081654779676E-6
2.02836452449541E-5
2.3543736535416165E-5
2.8065268457356727E-5
3.869787253008711E-5
3.217895190637254E-5
3.523743919187465E-5
3.564722685387677E-5
3.232692901695422E-5
0.0
