2.692288622016835
0.32247614866136093
0.05087713639749519
0.016507888538946944
0.006572676319813138
0.005422827195546085
0.005331220535583667
0.00522745639667581
0.0055145577816213855
0.005702505108039892
0.005760446209585419
0.005835388565307136
0.005771201946212224
0.005560245245267955
0.0053567177633676855
0.005457185554577154
0.0052207298796538015
0.004956220825531271
0.005125141197838841
0.004828770196399901
0.004517631208763739
0.004463859900848259
0.004663477818790736
0.004385442224870424
0.004522428804786154
0.004491972819829647
0.005047550210890005
0.005631247662550923
0.0070764570458989986
0.007245570019553735
0.007798340187400407
0.00711710835443063
0.006217886752538901
0.006050962214416036
0.005114674884428214
0.004716456376579217
0.0041269565174986474
0.004334165431521116
0.004485933225363639
0.004654187069275474
0.004684210625835773
0.004874007079873279
0.0048354689658357385
0.00513457483833656
0.005089130950413864
0.005452544805058518
0.005515991515665918
0.0056443706739561445
0.005644902917307083
0.005604163808465779
0.005685272812891129
0.0059145430364133545
0.0057073908729499785
0.005286957961610183
0.00555943002555452
0.005534106000359302
0.005308414033609073
0.005190309308753423
0.005039869405900779
0.0047003593083335855
0.004722542643004793
0.004416433024645678
0.004436078073272613
0.004440510078059611
0.004514332648395798
0.004615097643452415
0.004908547424363715
0.006037473345099903
0.0062111986780460475
0.00768348888679002
0.008023535964101759
0.007245161401661364
0.006667647301593925
0.006308552668309579
0.004800323103450623
0.00465010895018948
0.004481574722736086
0.004085386440935216
0.004511868751922472
0.004566739817033967
0.004602347808535284
0.004740438141611806
0.005005041424457956
0.005067942472997399
0.005546910530004154
0.005289068875696327
0.0054724117482327405
0.005431210617252965
0.005625260177346084
0.005681718287852359
0.005712632481837583
0.005725721481716125
0.00572649446727848
0.005661090792242097
0.005365002028016697
0.005176424093508695
0.005286633097615037
0.0052087536183137596
0.004907164570576026
0.0
