0.3161972354444932
0.020697917633237195
0.08465566850310921
0.10127420709531051
0.08527136275723088
0.08406602475137859
0.09097882810478874
0.07904009520238586
0.0329937834734515
0.007282217716781114
0.002799092267198322
0.004261200939351839
0.02798995141661323
0.08215618884964754
0.07911232984278854
0.06560858934062352
0.05322090682511177
0.04191974488199088
0.02700838587346152
0.01630351811745906
0.0717517162380445
0.023482848249505583
0.10687415041563614
0.11766347414633571
0.08685545644932352
0.0711715802073441
0.06525492957748602
0.046139762178439125
0.020327821556070935
0.006911734668114067
0.004412631768558883
0.003953414013051437
0.015605999229253986
0.048168661291991655
0.05123532460372249
0.04676000266660518
0.04045504985919618
0.03110083871059538
0.02211079854091455
0.018600198393136064
0.08022508893624164
0.020883800173614464
0.10309565598795087
0.10834129631623346
0.0900804597675054
0.08372695609011366
0.09052588082460344
0.07378000995282152
0.030732886380673258
0.007639505933775909
0.0029703858998889054
0.004663738221332953
0.027876812307786825
0.08388998364928407
0.08076761049293443
0.06559687999553562
0.05365827794798067
0.03647197884368336
0.02529108047937545
0.01710661999852711
0.07915778979377211
0.019602191576304828
0.10616714150729128
0.11971182877901232
0.08792051429952341
0.06921147650635545
0.05743189905909779
0.04402508283186901
0.019188071186665823
0.006186879495422848
0.003373965571040305
0.003086923624371518
0.015851233224273398
0.04789522354137182
0.04996850734095548
0.050080354624743584
0.04123563634819427
0.031640227068506055
0.022280733045277418
0.01766684715416242
0.06818364168833649
0.021907457265108232
0.0926482325930516
0.11610388911794864
0.1021393754580503
0.08291363011595632
0.08377008380357995
0.0739162207273644
0.03409608595981106
0.009870553261879661
0.008403490689945087
0.006899517106116471
0.026312038293607565
0.07956438170425498
0.07880321741740753
0.06563869139272308
0.05339720711328169
0.03736341630171788
0.024049555278914697
0.0
