0.7875131794847713
0.9573078893671305
0.8243135484500793
0.8268562964350911
0.8239752606290627
0.78615592759985
0.7645367106099878
0.8014392783820194
0.905389593187029
0.9782211367438853
0.9915921260960031
0.9871447757401788
0.9202748687635119
0.794498684562698
0.8040936599213862
0.8348097571522883
0.8735645190124576
0.8989185208936241
0.9370577732273626
0.962719716175142
0.8643230793390062
0.9513046311286424
0.8390264723530148
0.8536064237709315
0.9078513589926629
0.9333903330146847
0.9471196126918835
0.9564816816334456
0.9790316201367695
0.9930166174013013
0.9949210304673972
0.9943184671702066
0.9762814670223253
0.9303446761456117
0.9243014218092688
0.924812653095366
0.9301124176206133
0.9432377412038224
0.9570052816535417
0.9622401492599232
0.8462213737741264
0.9528728248513609
0.8225947317355697
0.8530434645462148
0.8959193716999188
0.9095505150693728
0.8584349853868392
0.8688501870532315
0.9302708013391028
0.9781488294814809
0.9912953972336787
0.9867191016632795
0.921182659156877
0.7956573905018178
0.8085177307104117
0.8349325562812149
0.8645397050975809
0.9106833811398983
0.9383882210914577
0.9612212159373641
0.8506030648842244
0.9588469798958454
0.8260025183527012
0.8464582817004354
0.9035612878898254
0.9299614968048551
0.939816347788328
0.9433376060786567
0.9718107006507111
0.9908389149493753
0.9954657353618432
0.9957195784686306
0.975743102881613
0.9308705677562346
0.9252456972242198
0.9228321391689619
0.9297003001320996
0.9435505350595448
0.9566600577322744
0.9651366417655576
0.8744797995397897
0.9494531606391128
0.826969367798433
0.8274661661408207
0.8633354225987117
0.867989201763476
0.8584734551045026
0.8549951521556716
0.9099701449688855
0.9703551316721628
0.9807948938160648
0.9859425154496008
0.9372524844864882
0.8051162482995607
0.8107368945575371
0.8365671312461956
0.8696307466854696
0.9108663369612988
0.9425593034294046
0.0
