0.002152096457361973
1.1936118794611036E-4
5.019940565017161E-4
9.525271100396301E-4
6.603016133047582E-4
7.129249646073141E-4
0.0011647705857926642
3.3014654730560754E-4
3.4404837548421806E-4
1.6412841257035086E-4
1.0524683923019764E-4
1.0353909048257159E-4
9.80502989905242E-5
1.956769262455773E-4
5.958360991880903E-4
5.788607525276643E-4
2.909716785440207E-4
1.857813817286532E-4
1.3304977497126584E-4
9.149977596752937E-5
1.551250688693851E-4
7.547060661945968E-5
3.166253470357885E-4
4.323619348428515E-4
6.504917421061762E-4
4.2327844655210966E-4
5.340501401870878E-4
4.540220673600007E-4
3.5591657852802026E-4
1.2677678902895908E-4
1.6819262145883752E-4
8.318534047489749E-5
7.750385784789535E-5
7.95600011250709E-5
2.3917365390068842E-4
2.0290777975513497E-4
2.0824533213466143E-4
1.379226933349858E-4
1.1711171032977122E-4
9.487869493482082E-5
1.7360923997192511E-4
7.627323417070234E-5
3.1445297369770927E-4
8.90792288863681E-4
6.171748656998376E-4
4.2217235125797503E-4
6.709072519092973E-4
4.7821118475791907E-4
3.180688857306154E-4
1.1641260516474742E-4
1.1509510303374693E-4
1.1842951711391735E-4
1.0201110490480289E-4
1.5779418626637784E-4
4.749402714491469E-4
4.86976258156793E-4
4.803983834379903E-4
2.2701696854853103E-4
1.3196251793043412E-4
9.577342754129191E-5
1.6731155694336627E-4
8.956699516508927E-5
2.9846070941002813E-4
4.995050304318564E-4
6.927224627650207E-4
4.452882901522697E-4
5.150709186399829E-4
1.211060590252688E-4
1.087844721646831E-4
1.0316628689283996E-4
1.1917077714153725E-4
1.1938335334417085E-4
7.526084607867563E-5
1.0366539808303427E-4
2.789302846427916E-4
2.3665129216583037E-4
1.914692564986876E-4
1.4644426592185194E-4
1.0406165044701766E-4
8.853059874745555E-5
1.3536597746679035E-4
6.66455657698561E-5
4.4333503117641556E-4
9.161657403805348E-4
6.349130473885356E-4
5.510474262110125E-4
9.035285386605587E-4
3.956389446367996E-4
3.6356617587535015E-4
1.7699323681584538E-4
1.512151689078523E-4
1.2648301850601192E-4
9.250772803732228E-5
1.6938609836029343E-4
5.465056741529631E-4
4.988013481289128E-4
3.6823300690947737E-4
2.0885397304138808E-4
1.2733765740027486E-4
0.0
