0.0042652116390874545
0.0
0.0
0.034443802144988794
0.00878259571073841
0.0
0.0034716215112636784
0.007808658148340572
8.96122312476301E-4
0.0
0.0
0.0
1.781526344477105E-4
0.01270485186087817
0.0
9.587206525456735E-4
0.011002176573490792
0.0
0.0030255141458314302
0.011087213256823214
0.0
0.0
0.0
0.00391718889954068
0.01173184388311549
0.0
0.009964145520216516
0.0012757683355451022
0.0019320390261361453
0.001538001476955403
0.0
0.005873536223428288
0.0
0.0053085733425531495
0.017269466444588405
0.0010687127900089466
0.0030492577687796923
0.008781114556048339
0.004940254182470502
0.001530317313935714
0.0
6.965122648705802E-4
0.0
0.003722128832042204
0.02020851536845493
0.00577866534966337
0.02530939431259477
0.0
0.005912566554329368
1.762155045922087E-4
0.0
0.0017789842154279437
3.949307062412616E-4
0.0021209512961434113
0.025543474127015353
0.016096234620043066
0.0
0.0047657360846885405
0.004741048921563379
0.002776153370486395
2.0218779499502765E-4
0.002216399611982181
0.0
0.0011597895579534834
0.0
0.0025321907388707043
0.005052892859745861
0.018420697493026078
0.0
0.0
0.0
0.0
0.0018881117559668148
0.018610952559593108
0.0
0.025101148677084892
0.01276020281001071
0.0
0.0026232833199259925
5.090424528592097E-5
0.0
1.3373448379482705E-4
0.0
0.0
0.006376447279023145
0.003951879532619135
0.022934788814037647
0.01746243887827475
0.0
0.0
0.0
0.0
3.5838347787279373E-4
0.0027883560865026857
6.092814828462939E-4
0.0
0.002923430186894241
0.006692490326585192
0.0021797831447717547
0.0
