0.4208146961759628
0.017145836994940898
0.06632691500190027
0.08863940465341712
0.06173276595374851
0.055065671454284565
0.05815345955240121
0.053227763281502236
0.022371788369216866
0.006753503282249809
0.0060083199718949515
0.005546448666502619
0.018802309417326572
0.05702899927950259
0.05160406771638713
0.03943820620485443
0.03543369492541999
0.028416193911032228
0.019247150670150315
0.012385114471005867
0.052648067017228635
0.017125367877878238
0.0807300609647722
0.11313496446093707
0.12713588927115532
0.13110340737412446
0.1183802354360446
0.0683428814920013
0.06027819268434229
0.0811750683794008
0.022544624062373328
0.00899701434124643
0.012234831744271587
0.03577729443917243
0.03845698687545492
0.033059660888848305
0.02720198165650715
0.021906571617830342
0.01637997030925962
0.013413155685021716
0.0570500584777293
0.015407390006713949
0.08066548222740214
0.11822199090136434
0.14762126841541362
0.163016903502712
0.14825011461127793
0.07776765889820633
0.03210363041625837
0.007694608056215729
0.0065744047185007926
0.006442052309237821
0.0184427035197973
0.05795669374981216
0.05378257500726812
0.04388839367801148
0.035255170442075254
0.02522502387243429
0.01815380007062673
0.012825872775916649
0.05658670292162406
0.014869025011823696
0.07732499794536966
0.09840735152940372
0.09990334413771204
0.09706466379413799
0.07346807661166611
0.039950504697121164
0.016334048999290418
0.010347029546016902
0.012478138169560855
0.010271226278207946
0.012772259175932948
0.035796271608743525
0.03472720453774289
0.035252269122576285
0.028850367297725825
0.022612789185150795
0.016811733279298864
0.014470093385969388
0.05118576865391855
0.016290032079879637
0.07208148057778307
0.12808869902630368
0.134201186903512
0.1197351627239055
0.09247161689230246
0.06558134810752411
0.025511664503616763
0.010045672593045792
0.018638192792983864
0.023362253761571316
0.02519853033174546
0.055850368713897036
0.05670204408066776
0.043083407722622244
0.0370126872704674
0.026037062790048866
0.017932627680488387
0.0
