0.20273397267144566
0.027154999129192225
0.07530156654953157
0.08658649907783358
0.07712759810691677
0.08185625692147294
0.08828812064439392
0.07466457702071991
0.03417260077147902
0.008808563697646293
0.004020177649953077
0.01204746026389153
0.03243263963000101
0.07971886050841664
0.08419150324766028
0.07448154713498648
0.04877247697687451
0.038943859367555345
0.025923986488751688
0.020269610799333204
0.07909862116324917
0.021164341563143063
0.07640041877516662
0.08032372824340395
0.06806545987210227
0.06678058185618041
0.06116290598368651
0.04324680367456418
0.02113890268719615
0.007027334757957693
0.0035111747577146746
0.003693928847910588
0.016636495007310848
0.04905170178111268
0.05158385069755195
0.04993219477422789
0.04355929527536617
0.031213491752699163
0.022248166363984523
0.01902322736007525
0.07482527658166441
0.026437765408060476
0.12800417841365716
0.13105527987826765
0.09850138233161881
0.08344693735716097
0.08512291885096887
0.07635127885138832
0.03247070834586063
0.009085297805913661
0.003702255591207182
0.00407829107616256
0.027569789737619282
0.08035261509039332
0.08183732692936982
0.07507674841471737
0.05674885536477514
0.04163774194703945
0.02420315841949988
0.019397645016641707
0.08230579781345992
0.017840982775870984
0.09753776293826272
0.09950587825484736
0.07410760492230972
0.06349331248422208
0.06413722317804971
0.047834860884673924
0.020178699461157412
0.006942060483219048
0.003524384022223548
0.0036910479174550037
0.01663679394455786
0.04938427724722877
0.05509679169315901
0.04984935191009954
0.04199010692781252
0.032904909843243735
0.02366002071031928
0.01800419835796352
0.07062625892152796
0.025282865766446228
0.08688165326128139
0.07308971581396984
0.07664933036839519
0.08674824888113605
0.08927546686607743
0.07436198356261522
0.0325955952335919
0.007899442144546909
0.0076527918557945385
0.0045756274264700525
0.027466228222247563
0.08293055857879028
0.08529788022511905
0.06823416286358869
0.05488169039059568
0.0409697406316927
0.026741894184178577
0.0
