0.892378913565695
0.9426758459885323
0.8254067306332566
0.797673689514325
0.8104182950566644
0.7984147902294114
0.7949795283856849
0.8095452303697726
0.9047906484920152
0.9733674830892748
0.9880079835404323
0.9883797387533522
0.9315510964893321
0.8024760307169205
0.8024588505692057
0.8285064680140888
0.8782257287355392
0.9061983582330739
0.9385283789554564
0.9539224673255642
0.9172577335794676
0.9678055270153121
0.8782368948844994
0.8948500991910727
0.9170104443877294
0.9137097554195683
0.9170635026526057
0.9438604778634142
0.9713195044082862
0.9901892405682304
0.9950765385334662
0.9946799347906299
0.9764235135709537
0.9292954147336927
0.9252168942916648
0.9242357457784888
0.929365268315048
0.9439240282675544
0.9582175408129594
0.9616793107860901
0.8644372396636106
0.9396439296853731
0.7668593159504978
0.8125006608380674
0.8821828995065792
0.899279727691216
0.8693648812204282
0.8733199757309954
0.94496580568158
0.9827111343959755
0.9915563572510533
0.9878420235502221
0.9212271665045411
0.7922842851437352
0.8008583654989412
0.8162072434579457
0.8599986349057709
0.9015074659531934
0.9416669645954951
0.9612842051589657
0.8720841509907855
0.9624899985603983
0.8424399964936066
0.8800016551759684
0.9240103372495554
0.9393959613756908
0.932936861691118
0.9484672829800274
0.9789137734742372
0.9895508211325826
0.9949694971466145
0.9946578008361273
0.9748952504750158
0.9277148763840312
0.9164035195978708
0.9220302475083466
0.9277588162931836
0.9405604169735624
0.9534521261151131
0.9647625285310806
0.8828648317074365
0.9414007109219678
0.8263002380400708
0.8732896271080275
0.891298514613398
0.8773944722797871
0.8367403422283874
0.8363929572422345
0.913265994906736
0.9786059677759664
0.9826660371687526
0.9869374738934553
0.9235155110739887
0.798223662320509
0.7902626855009431
0.8332682956598938
0.8605897254694993
0.9054457778487827
0.9368471153204239
0.0
