0.9454798313775818
0.12702774303541037
0.02354770509841181
0.006781991585162561
0.003475549456036853
0.0030274733098245576
0.002123300039493836
0.0018516628326748607
0.0018817829852176727
0.002018990346422456
0.002081328372703306
0.001991862744047057
0.002495251415284261
0.0032410495213730296
0.0037181623253858542
0.0035241313794196704
0.0033801188531317862
0.004130307255820054
0.0038715024133355704
0.004340292568056315
0.004518871351947696
0.005400517328677234
0.004884791402110289
0.0055511949843590315
0.004844554586856819
0.004197594630409629
0.0038718065536860412
0.0037511443919359564
0.002781666002258887
0.0028814070629813006
0.002870220793817424
0.003013851977435711
0.003928584459260098
0.0034936846595385873
0.0035116618685236967
0.0045183009005087095
0.004838496829379135
0.005589560388533909
0.005340621869084195
0.005552612003106428
0.004468403689606271
0.004874002769121077
0.004316137943728782
0.0041785963179097
0.003609122056125791
0.003844775534906675
0.003247269964375521
0.003530160026777329
0.0032880414731927487
0.003570493597621871
0.00308950452466501
0.004040675412856853
0.0035509879905254336
0.0036251197509449495
0.003857292760906417
0.004298384891659468
0.0050595070610488955
0.004110028867243765
0.004353834011533664
0.005222718102371171
0.005571096980634027
0.004565763990602279
0.005416748223172796
0.005039324810822143
0.005413513094825406
0.004643213847496286
0.0034584772872622294
0.004006460430488024
0.0035233977313040787
0.0030163822773071614
0.003686109236965063
0.0033533201837817606
0.003650850777270831
0.0035791561710724062
0.004058812090841357
0.003977758658356034
0.004446642784704702
0.005204634577390665
0.005708902153021045
0.0061795068918795385
0.004655468184742528
0.004782196105696701
0.004920125276415055
0.003988142713611675
0.004079059853565048
0.0035133604508823303
0.00441314322539379
0.003456597088755742
0.003985820349555802
0.0033376615099453334
0.0033950265241238786
0.0032984248299884
0.003473000688465966
0.003946075568381368
0.0039045232600697253
0.0038244003955766105
0.0038512429107167455
0.004482017935678262
0.004174847725364495
0.0
