0.8107361235395922
0.9286035295389347
0.9729350244260917
0.988151530207247
0.9909402697319433
0.9922450749059515
0.9938723632628339
0.9945189253409371
0.9943402961068284
0.9938708068356051
0.9936614217402229
0.9939529462004518
0.9924953172624192
0.9904021947885747
0.9892246553681472
0.9900640396539068
0.9907809579828044
0.9891604391322553
0.9902714204771877
0.9896023033284198
0.989717061656237
0.9883584671472846
0.9900408544673752
0.9892976190659685
0.9911550565386875
0.9927183449027911
0.9935841641611798
0.9940182126408142
0.9956912251302151
0.9956169390169542
0.9956607988302482
0.9954154700386881
0.9939146590646969
0.9944287725158393
0.9941809473801207
0.9921620090361841
0.9911661164868069
0.9892236527990071
0.9891115042484824
0.9880306068625504
0.9898319035438566
0.9883237358829804
0.9891541095073693
0.989033708464597
0.990156367475131
0.9891600075636384
0.9905893153884346
0.9895460442431577
0.9901105241092433
0.9891599254178409
0.9905908191726359
0.9877324460498015
0.9893196571859025
0.9892648375138308
0.9888214512419372
0.9878810975332295
0.9862005419901461
0.9892136566090539
0.9890593842162074
0.9874883460554493
0.9873226647812998
0.9901578889096241
0.9889562973262563
0.9902844749774248
0.9901162807865331
0.9919453199374917
0.9942690776980481
0.9936110712214408
0.9945422895528898
0.9954116210654609
0.9944273382914218
0.9948990869599708
0.9943448659653372
0.9942924748013704
0.9932742837963675
0.9930996989560998
0.991881543840982
0.9899657673660155
0.9883606519310344
0.9866792516129159
0.9894062280762418
0.988543669867556
0.9876363682871728
0.9895335341452327
0.9888746444090776
0.9900944020351761
0.9872105801194653
0.989763888106775
0.9880118074625305
0.9898668072890798
0.9896603425487319
0.9899859304650386
0.989554220390105
0.9883143826081238
0.9886845758553667
0.9892174534026015
0.9894959994736789
0.9882374099793061
0.9895091533581539
0.0
