0.027740446934282615
8.454300795975279E-4
2.752472156352158E-4
1.4072050876408953E-4
8.704134123501768E-5
9.482252798898059E-5
8.021367881400162E-5
9.650391262382828E-5
8.504668131923445E-5
9.737420240170842E-5
1.0024785385909655E-4
1.067092918395033E-4
1.0705696422907691E-4
1.0139358209127427E-4
1.1061129991441253E-4
1.0824097069229113E-4
1.1002759959490627E-4
1.0921562569375209E-4
1.0662470725818546E-4
1.2177070198037028E-4
1.1363948410154875E-4
1.1023413465814371E-4
1.1532030129913209E-4
1.0721183909990157E-4
1.154931832922845E-4
1.1220495940173041E-4
1.0915647278588012E-4
1.1337619937891882E-4
1.17482486116602E-4
1.1164019899293062E-4
1.1435967648998578E-4
1.0875683097611981E-4
1.0917061537938758E-4
1.1301515830081156E-4
1.1292638244877714E-4
1.1509095978337422E-4
1.1149667333074319E-4
1.1571247583986783E-4
1.0935080973439302E-4
1.1530345233826784E-4
1.1879292738419323E-4
1.08271244182165E-4
1.1086876525978125E-4
1.0870772763680364E-4
1.1498473824319538E-4
1.0833234288198518E-4
1.1347910766458583E-4
1.096166659929774E-4
1.1009354641064151E-4
1.1495366197767822E-4
1.1596962727181599E-4
1.1481455621187677E-4
1.127051101283639E-4
1.1182150821778436E-4
1.1235831520808038E-4
1.2061694217445531E-4
1.205845670773556E-4
1.1442097222642798E-4
1.087799026651644E-4
1.0758152012188011E-4
1.090330010809733E-4
1.221555714989449E-4
1.0983647226310819E-4
1.0969098422452946E-4
1.1223965019943479E-4
1.1365446094317739E-4
1.1452847917125383E-4
1.060852360805966E-4
1.0631111559161815E-4
1.1245648881327247E-4
1.1467359736025674E-4
1.1254020673557124E-4
1.2107918447414711E-4
1.0667180693869651E-4
1.100923224389078E-4
1.1481332614645399E-4
1.1549517919186945E-4
1.13084816662738E-4
1.0716145305377477E-4
1.1088286220626086E-4
1.0925864149293079E-4
1.090129020245202E-4
1.0935813332005944E-4
1.1284585406536821E-4
1.0953136901344158E-4
1.1079301138553132E-4
1.1560236311399794E-4
1.1586620194763242E-4
1.1250570292889209E-4
1.1361392589855199E-4
1.1406504279052882E-4
1.1046400215023002E-4
1.1474291050527263E-4
1.2619520154332804E-4
1.1209517125620586E-4
1.200670431435641E-4
1.2321677859042935E-4
1.1629430340548651E-4
1.1618302546951328E-4
0.0
