0.029907029026874393
0.006743279631692065
0.0022438619209604557
9.090986023920229E-4
0.03254908637273044
1.177446173698457E-5
2.2729355538789187E-5
1.6026552546036244E-5
1.740738337409689E-5
2.891801706129682E-5
2.2838850531189946E-5
7.126283870582603E-5
5.781312330502761E-5
5.763963886004815E-5
1.1384422124082299E-4
1.0520806060902339E-4
1.1735080400907642E-4
9.569694478336332E-5
1.3019740346562682E-4
1.0809611164313699E-4
1.2568529069215267E-4
1.55542292027247E-4
7.373078175088726E-5
1.3185598257363165E-4
1.1476781517101713E-4
4.4730120181256386E-5
6.282133459285314E-5
1.012669260408182E-4
1.7892502831796386E-4
1.1087839612497901E-4
2.425782949806235E-5
1.8202506625554503E-5
3.429939087221806E-5
8.02712667729244E-5
8.900139358257522E-5
1.8258301881455275E-4
1.3354598832439335E-4
1.4531983243683752E-4
1.0085383822097809E-4
1.2586240603946545E-4
1.303568830479454E-4
6.776185254688608E-5
1.1935761040699489E-4
1.288302191189132E-4
1.427950237843926E-4
1.1085913534812677E-4
1.139240665351652E-4
6.298915679596173E-5
7.809957231270787E-5
1.7413563178195792E-4
9.25916860474326E-5
1.4958277178383564E-4
9.27210627610281E-5
1.5165784452210625E-4
9.783311753172805E-5
1.4983278642774177E-4
1.1442969757342013E-4
1.1628974149493695E-4
5.6547706789013966E-5
1.0361247054459371E-4
8.046728783000153E-5
1.6124369358729018E-4
1.3207656599124802E-4
9.872047204524948E-5
9.576230673539049E-5
8.81253871186788E-6
8.374102899112445E-5
9.527317232854577E-5
2.970736847152586E-5
2.44527383339202E-5
1.4117337894503646E-5
4.721904264936572E-5
4.542662579995471E-6
7.3264595786382E-6
8.633224210640583E-5
5.905371457981534E-5
1.6628709116032204E-4
1.6550139154786967E-4
1.0282828746776828E-4
1.0906410701649813E-4
1.4567924069632462E-4
1.1705435754391508E-4
1.1781265025603422E-4
6.250431937051201E-5
7.382043283341785E-5
6.27421797028363E-5
2.1300612263632155E-4
9.29065376682199E-5
1.1825006952599602E-4
1.6612446368318955E-4
9.848741897319283E-5
1.2773494791204278E-4
8.911912016454707E-5
1.4423260912199663E-4
1.4087343910350602E-4
1.7766227676985075E-4
1.6153088394049858E-4
1.2354863256053492E-4
1.1187856947990905E-4
0.0
