2.50054368508186
0.3590581248788798
0.08933098687534756
0.03179158771502747
0.005647587412947161
0.006486959892612769
0.005282624128841204
0.005426915225035411
0.005515309748754015
0.005626544149634239
0.005778218050578279
0.005639880258621541
0.005641074067709506
0.005462258516161594
0.005315369926960488
0.0052854870517481545
0.005172797589785926
0.005265028617228329
0.0050488765971081675
0.004785137021516118
0.0046432123871759925
0.004437463730385181
0.004349025121234287
0.004481131150406612
0.004336781174499293
0.004470730143957805
0.005068768660901687
0.0056102356483189175
0.006539197604678859
0.007215083799077962
0.00717459907760754
0.007361509962687933
0.006694986202249313
0.005326976690185702
0.005046358115473338
0.004526606268173835
0.0044849988713802245
0.004203578145528703
0.00415913215663826
0.00467123258324013
0.004601492665108243
0.004732019914088746
0.004816908264972215
0.005190352484731985
0.00516374575636836
0.005485449412386057
0.005323769324633262
0.00561079676758716
0.005638132836706873
0.005746241250181137
0.005713020234329562
0.005880566983347121
0.005687350435406855
0.005582341122163503
0.005661167770071475
0.005362705274182778
0.005186938872939787
0.005035477671028128
0.004859879453178808
0.004579846207703233
0.0046881559111138825
0.004611520839549127
0.004467484522203504
0.0043497042187739966
0.004325128103201909
0.0048000304792675174
0.005144804568969092
0.005806300284395485
0.006275194113254515
0.006488168501980643
0.006600000161683597
0.006334172656373064
0.006658637511626116
0.005280361902118336
0.004921744075529009
0.004618561146182672
0.00418429127943761
0.0041974766500624105
0.004612669239365981
0.004354295170492701
0.0047687838854810856
0.0046004861519553224
0.0049990617891811345
0.005075773154605103
0.005198527851164056
0.005227954163799559
0.005346673538526927
0.005497398850636882
0.005580416158520259
0.005625430356885505
0.005723333539389627
0.00556015237333956
0.00568129311210115
0.005654558884045734
0.00558777954996378
0.005297330361584092
0.005342437651282773
0.005077478793450031
0.004929448868727047
0.0
