0.1978176728812385
0.02346006246460816
0.09276657028156393
0.1138269950799991
0.12920809130888777
0.14652468757686266
0.14171825422820145
0.1015971037645175
0.0379930630142572
0.008086028109612425
0.014530632384469389
0.007599292089324389
0.02920914088415652
0.11176862218569006
0.14913243433120055
0.1242378980789722
0.09349476786773275
0.06333823947615286
0.04169470738438297
0.019422663230311527
0.03377604491417882
0.04539863173417499
0.11115045083389252
0.08900784247556648
0.09729420231162217
0.10236374316284641
0.09503293034894289
0.06230776089545448
0.01905993676576656
0.00630256869778123
0.002953151348591976
0.00374956366064777
0.01726604222873923
0.07257244523744194
0.10110764054327953
0.09135231507248825
0.0754091423550931
0.056801670091012835
0.03526691005816934
0.01713894421386228
0.033079074759867017
0.047084964346335134
0.15096601944225488
0.13770660935186385
0.12913685126450253
0.15384784888552824
0.12943927151185894
0.09795506929235134
0.03313751531492279
0.009489973113216782
0.003518319127946007
0.0038557416168445713
0.027535540775189327
0.11286064840174817
0.15029678427359913
0.12736099109099888
0.09553507715541187
0.06560484281792844
0.043671993997827646
0.017868941262449756
0.0321949118629303
0.04336480793511516
0.11785914657657609
0.11242748597643187
0.09731685213569241
0.10498442215014347
0.09890154812257868
0.0647390307264254
0.022449015645876313
0.006169963298109926
0.002780344043443961
0.004938828258778338
0.01754478853905317
0.07365093159275282
0.10559115391079987
0.09000267265493161
0.07385111244695108
0.057716237077200194
0.033640605079356095
0.01763047745057822
0.02944664560338628
0.049660480361991305
0.15128087452761663
0.1613881274678141
0.14403485818250028
0.1618833140675061
0.14723029514940855
0.1039397257985587
0.04317888125345393
0.011219741599350685
0.014293147856895394
0.014566067184687559
0.03346606477594394
0.11817242423698954
0.1520268642855186
0.1229363039656444
0.10333347079431016
0.06645052770942383
0.04234166171573506
0.0
