0.7632471025204302
0.9488910540247317
0.8474181112319665
0.8514824241491774
0.8508715836437968
0.8617349773352092
0.8242824103097228
0.8432748817397191
0.9035813805857421
0.9757809536376583
0.9787036019164997
0.9821510839984704
0.9238721221857044
0.742529059957802
0.6832160394823048
0.7077080863417005
0.8058070520004725
0.8562648144499083
0.9009204571443912
0.9564786196902149
0.9347898880703285
0.9088519663554535
0.8397967364097694
0.8955103804835155
0.8951763787516263
0.8922318369459554
0.9063059036765897
0.9333092926262202
0.978210157790661
0.9926348917498518
0.9960576676925057
0.9948002051449629
0.9751110998901127
0.900277847429862
0.8630488733303316
0.8736493661286233
0.8781822903173095
0.90247991918396
0.9347319249127815
0.9656370387457087
0.934117795479775
0.8952629010613289
0.7449123476183361
0.8019076649994648
0.736886776572477
0.7129810808226942
0.7141187271487905
0.7647863957748555
0.9057853431213714
0.9718682325730348
0.9894226924460667
0.9884472122957778
0.9221496881565989
0.7429242274097527
0.6791187614813912
0.7273081310826083
0.7850879588281487
0.8537890821738991
0.9028726926241419
0.9606060895227548
0.9342724579190222
0.9142205019780314
0.8402355946632891
0.8868783610765565
0.9206808629537877
0.9256382559300451
0.9353508705328888
0.957465674573535
0.9857648606777192
0.9961707724318025
0.9983037502633881
0.9969114997906141
0.9885903336897983
0.9503984767127713
0.9186337022304076
0.9122201157686334
0.9131741193093807
0.9146253066460315
0.9404545655624044
0.9643832600109083
0.93894817003081
0.8969552891508588
0.7689173784419283
0.8196689063957455
0.8753290670112238
0.8855258295377895
0.9079399268628484
0.9336197471340766
0.9717021182671329
0.9929675782984196
0.9928527097590605
0.991139457314016
0.9776677377068783
0.8692502352439058
0.7681151539993651
0.7913287477211306
0.8013325303427757
0.8551622252411852
0.907956798396217
0.0
