0.0010923973449634907
9.545188362254105E-5
3.963088617806402E-4
8.199355396136989E-4
0.0010460265976263154
9.825688154126168E-4
0.0011578816454435815
7.178814883851789E-4
3.007179333284618E-4
1.3945107861741454E-4
2.1354311876452733E-4
1.2651136155277196E-4
7.387314847091836E-5
2.206812467163646E-4
6.703796930939427E-4
0.001988504702026269
9.676329958898645E-4
4.1672578767645147E-4
3.127237560079138E-4
8.641788771842977E-5
1.1754054308784517E-4
1.2892762206496283E-4
5.821121095473113E-4
5.660965941201167E-4
8.222720905569081E-4
8.573530504947882E-4
6.6413752863399E-4
3.384194510153508E-4
3.5194542823259304E-4
1.4624163688275836E-4
1.1144768994949315E-4
8.907276730312714E-5
1.0995092897279045E-4
1.0562591179750949E-4
3.1373553442087E-4
5.871458399121499E-4
4.620885422108655E-4
3.148876448677096E-4
1.5049639072171818E-4
8.580510139130241E-5
1.1532313562625238E-4
1.2473716569362617E-4
9.099245911350085E-4
0.0013371614748469904
0.002084135961561915
0.001758709230330555
0.0010929419368764588
6.375189483919404E-4
4.352306522969622E-4
1.782991861944626E-4
1.217496783154838E-4
9.876984743843043E-5
8.62390123537813E-5
2.014022123318776E-4
7.027525449630572E-4
9.964070978768914E-4
0.001186469188718904
4.7833447577925065E-4
2.0430169179202248E-4
9.498143258471735E-5
1.1969533875564638E-4
1.0079740990613265E-4
3.8384748343809987E-4
6.24814220646751E-4
7.593855648935765E-4
5.526540362769212E-4
0.0010287957428183078
0.001048475547015473
4.6317190128746584E-4
4.310367098169108E-4
2.5957601065436576E-4
3.3383934003755226E-4
4.4934939569022476E-4
5.002714574166904E-4
7.099270464812494E-4
9.203030022064093E-4
5.076635175243617E-4
3.3683388364028077E-4
1.6150022410831418E-4
8.670702527982844E-5
1.4983150015968993E-4
1.0157734824605384E-4
8.173195310901488E-4
9.037324284267201E-4
0.0012948940775654872
0.0014567714543254448
0.001317426642705179
0.001092858091819487
0.0010830570830249646
7.355444218219512E-4
7.864256563193876E-4
9.268888483986502E-4
4.401806704643469E-4
3.7219480940893035E-4
9.09986754672137E-4
0.0012890812975207059
9.208922914707129E-4
5.055746576899698E-4
2.3361773772693242E-4
0.0
