0.007065178744590284
0.0
0.0
0.014665998222619603
0.0
0.0
0.03527609592249836
0.0
0.0
0.0
0.0
0.0
0.0
0.0
0.0
0.0
0.02086244731426208
0.03142301376894434
0.0
0.018593302553786425
0.0
0.0
0.007320161364932493
0.012425012996119755
0.018587150218204174
0.0
0.02312954633503081
0.0
0.0
0.0
0.0
6.39406891863703E-4
0.0
0.0017065572182571598
0.0
0.010782254224688204
0.029892901655519416
0.018021843682832606
0.0014416441503571076
7.867932805240285E-4
8.20778382639567E-4
0.0022729760154516637
0.008291130197737556
0.013115598711049392
0.0
0.008619443607913474
0.004344180763403302
0.0
0.0
0.0
2.4905715118830885E-5
0.0
0.0
0.00798200476455535
0.02072410574674892
0.018517393439845847
0.0
0.0023991875361601966
0.0
0.0
0.0
0.0
0.009025840388418832
0.021843712932309745
0.004801192807438015
2.2100553694015534E-4
0.0
0.0
0.006943601206454042
0.0
6.258620737448206E-5
1.262438105970598E-4
0.0
0.014066002592506788
0.032594639228481714
0.029229290788426232
0.0
0.0
0.0
0.005950581070841246
0.0
3.52911897192526E-4
8.39379881557023E-4
0.004041521876662457
0.025681149104978318
0.028508417057984292
0.007824221735045878
0.0240776799384545
0.0
2.033176101641221E-4
0.0
0.001589724902692602
0.10327174627991201
0.0066437315886206105
0.033226332554568194
0.0
0.0
0.012830498027996295
0.0
0.0
