0.16323918682754257
0.018155666460978256
0.07656328707777141
0.1378290135605931
0.1914015124259769
0.2750891131863358
0.24336504130104128
0.22873620831170338
0.02283481051049948
0.006041270092847724
0.027826596324953
0.012625149219791111
0.019910136184578736
0.08685574979438154
0.10225502755213726
0.08013832784463665
0.062148234674839084
0.04207266267907879
0.027987962576856495
0.014163923227520069
0.02532663048989372
0.03330726101354972
0.09263891608298079
0.10398201927523275
0.10079435313874544
0.11662026759075952
0.1088847278640599
0.09341334509796131
0.03970206234843155
0.03495677987287339
0.013209199887939106
0.010338515334615278
0.012877713199572108
0.05194343545660059
0.07225076424821156
0.06772347673955094
0.05156805277260594
0.03795272343523634
0.025117015768441768
0.01307731621531696
0.025532691545280435
0.03393331742843686
0.1133626064610746
0.13267160288969865
0.08300562024607797
0.10720801924291115
0.09008472056843106
0.06174261024766148
0.017820891696940455
0.007607529707824721
0.006409494834899672
0.00558150528004832
0.018315843509085918
0.0838296141857752
0.10225309449799933
0.08506784961823152
0.06015614180614972
0.04307472840333002
0.03038757942657589
0.013644220886790442
0.023873162608931242
0.03249707586585781
0.09981500875515811
0.14536640341763146
0.15624042025149104
0.2460980789400422
0.19159647048086303
0.1629999092312696
0.14474143953214752
0.12870460959795885
0.17205179729109676
0.13499333947976583
0.11825784584329528
0.12422669167372963
0.13394551184719952
0.10416466001109345
0.08913201370815217
0.046936261755548936
0.026031728286640163
0.013677041893559585
0.021222948512706705
0.03628226633818912
0.12928048790925012
0.1911829479382473
0.23014147590404638
0.3327256776044099
0.3567950032835313
0.3034131174736415
0.2800624421545379
0.20885480569293652
0.18096362065279006
0.17026263453811716
0.17860671946579632
0.12402343122455352
0.13967368722178528
0.10698308479709592
0.07794362654766952
0.04891416315636471
0.028988035367208433
0.0
