1.625684157563894
0.24513451229735822
0.0998166394202166
0.07972372109568633
0.07384435844925416
0.07093903492454763
0.06838024228209329
0.0666396036138104
0.06559214591052717
0.0656977681331465
0.06515844564383003
0.06554137371608146
0.06651016759127998
0.06766175085672363
0.06904815653696017
0.07110058021332225
0.07352563684116739
0.0767430131826967
0.08026118269189234
0.08446553616084204
0.08867546226486818
0.09434102441642907
0.09954679199549377
0.10563663349256629
0.11125133505136157
0.1168275654626085
0.12149553538903597
0.1261281534354346
0.1295424035788424
0.13202785057141558
0.13240111681533448
0.13210643208633127
0.1299708356482418
0.12623758524581785
0.12236204032178374
0.11681637029923167
0.11137704841106988
0.1062300736758994
0.10108441339227628
0.0944698641990657
0.08971942028171268
0.08498795225839996
0.08111677187849974
0.0776950544282621
0.07443834917013922
0.07199797899006459
0.07016795172229683
0.06826916030298776
0.06730212314449707
0.06675355213681265
0.06655147873084913
0.06705398026224808
0.0671301196034345
0.06815279590761184
0.07051997573923198
0.07179955173717614
0.07492060105593655
0.07769430587361842
0.08094760531444309
0.08503445997783941
0.08965266535047652
0.09466377882252723
0.10102918297819921
0.10592624012810717
0.11172794016246604
0.11672143644494071
0.1221654702062025
0.12623289788760084
0.1300425917556991
0.13182658286045976
0.1333793025962962
0.13198621539278874
0.1298481293559261
0.12614745749283246
0.12148556244046471
0.11690880217641883
0.11132829939797154
0.10563411897782107
0.10038214270805493
0.09523364412634124
0.08954614386853618
0.0852604289950839
0.08076768675644788
0.07796449792161012
0.07451747558010866
0.07153507358155989
0.07009707863963495
0.06832401859786207
0.0671328924058769
0.06601418344476379
0.06654469883082104
0.0672054367524547
0.06796186520202464
0.06818999313766687
0.06962037960984016
0.07219309757460904
0.07448408195687553
0.07727700279206787
0.08074383315784073
0.0
