0.5802438726658614
0.700261952270255
0.7747983373269568
0.7898851270119576
0.7941395331600197
0.7947743224925499
0.7962619823801658
0.796878722347147
0.7968307213669945
0.7945957796075833
0.7955906145122292
0.7950636150171017
0.7940588038139609
0.7938219148974687
0.7942074943936884
0.7939996077355594
0.7941009268203298
0.7934303846475573
0.7933626900551787
0.7929267241943381
0.7937198546327905
0.792372917861092
0.7930072341448785
0.7925179189169992
0.7932609983671757
0.7938923434445743
0.7953812038635897
0.7956981804078
0.7962587011951532
0.7961386643734916
0.7968274832655278
0.7960191298667431
0.7955950638883956
0.7955236742433744
0.7939453487078756
0.7939117639283619
0.7930314772545477
0.7913738007726447
0.7898723213093023
0.7920951865861874
0.7913442711914771
0.7916752131261091
0.7912127062435009
0.7909318513942132
0.791611566630345
0.7914694740869319
0.7909622945522012
0.7920231768007324
0.7916768284411261
0.7913834181081272
0.7913455802319203
0.7904713136056944
0.7921941652467386
0.792367769746011
0.789942118516511
0.7920289215503665
0.7902962577340562
0.790933815898039
0.791637799707309
0.7915637982497995
0.7914961756806151
0.7916771778432729
0.789984925448628
0.7919595741742589
0.7923908367897752
0.794076447668661
0.794271078202596
0.795531148970338
0.7954839143426506
0.7964448233547655
0.79534866153372
0.7962019978501482
0.7957851347985139
0.7956673970642499
0.7953977296894478
0.7937514204200135
0.7931204807443256
0.7925227667549658
0.7913041154990059
0.7904487574434815
0.7917385711261163
0.7910224620929296
0.7920899115264974
0.7902247249633334
0.7913957547817463
0.79277459348373
0.7911676868465586
0.7918607234889385
0.7921858254605384
0.7936281530576204
0.7913662286254883
0.7900114893251284
0.78969251552256
0.7922576166100843
0.7925491747651032
0.7909193551108167
0.79148683359556
0.7920289844433449
0.792149852501907
0.0
