0.022174366727363812
0.0010250183154682977
1.965166611549691E-4
1.1458219024212823E-4
6.518835545421364E-5
7.409275544811355E-5
7.342748970478219E-5
7.321215194008744E-5
7.560703852205658E-5
8.913847711885788E-5
8.845869470192023E-5
8.255019949194613E-5
8.601724478249463E-5
8.497020578859722E-5
8.653811927220353E-5
8.696517171119041E-5
8.363038899269199E-5
8.465758946915204E-5
8.371807115717107E-5
8.698616479856519E-5
8.734006441218402E-5
8.78597926819437E-5
8.92331957283467E-5
9.173388091291463E-5
8.215223991436856E-5
8.667068357795318E-5
8.948448955517037E-5
8.93839623281572E-5
9.08959634156557E-5
9.120914907116948E-5
8.72149587406804E-5
8.624253282681166E-5
9.073566247276564E-5
8.597401647537712E-5
8.394708608229425E-5
8.300939759320915E-5
8.805424412679503E-5
8.780546150799509E-5
8.811421617570321E-5
9.106263704093574E-5
1.0022653908499741E-4
9.614992904908959E-5
9.071419758082743E-5
8.776278629234145E-5
8.395958815987336E-5
8.709130529111628E-5
9.04195774143013E-5
9.122945178392547E-5
9.137613645251486E-5
8.44598180280747E-5
8.97090103383475E-5
9.219806660537681E-5
8.426128664941265E-5
9.106839410496423E-5
8.21063521937664E-5
9.459880417653104E-5
8.464018903979321E-5
8.977033007914863E-5
9.272304108272E-5
8.712025681435215E-5
8.468012075344944E-5
8.69103558195082E-5
8.368735032551237E-5
8.886018139334396E-5
8.97719873559229E-5
8.960398070192924E-5
9.106647255004766E-5
9.367797745340255E-5
8.978456717206412E-5
9.562549065460042E-5
9.235328287545533E-5
9.264497415763427E-5
9.126723194930042E-5
9.402154242958528E-5
9.5650230226729E-5
8.956585186197446E-5
8.76859178030016E-5
9.026829095764469E-5
8.892852780014652E-5
8.776111974833091E-5
9.047468982562083E-5
9.211736585429414E-5
8.866414402692293E-5
8.217360644496479E-5
8.515052824425358E-5
8.59251363993482E-5
8.308385528936252E-5
8.968836563306331E-5
9.038433129372078E-5
9.159961215321268E-5
9.040405070141321E-5
8.584811590796962E-5
8.511197190756526E-5
9.625763094055323E-5
9.560043220554808E-5
8.529981063688853E-5
9.67497795946891E-5
9.13366130477244E-5
9.876485688077581E-5
0.0
