0.00265576553623702
0.0018463146261431557
0.00507055020012244
5.27214511965711E-4
3.099914435854757E-4
6.817086444464715E-6
7.208756335432692E-6
2.200460164528094E-5
1.6977363013584433E-5
1.1158090619650673E-5
1.7888854373162776E-5
9.304112909568062E-6
3.933861249309778E-6
3.0069717755424468E-5
1.8965215715693178E-5
1.3258754779182925E-5
9.227214242485404E-6
2.836856054569889E-5
1.730710023746043E-5
1.6278271996582327E-5
4.762665341329075E-6
8.156368100700057E-6
2.2568427200426318E-5
0.0
3.1187188788373706E-5
3.034099151668565E-5
1.9043594280566262E-5
2.3713040261068298E-5
5.272562882935386E-5
3.434561995448865E-5
1.1506248721515622E-5
0.0
0.0
6.677881528029117E-6
3.0087444876836926E-5
6.465788244614662E-6
3.0383132054373486E-5
2.7765148404107488E-6
6.058523877186112E-5
1.8830407485576766E-5
1.410044618377626E-5
8.284456143031748E-6
4.986058989809791E-5
3.2056078093731236E-5
1.576795673995518E-5
2.0649418072243852E-5
0.0
2.6016882495229904E-5
3.1626840523205424E-5
3.356645903037844E-5
2.281467271449747E-5
1.0427720837764484E-5
9.518602795805312E-6
0.0
1.4333356455097091E-5
1.1644603033697521E-7
1.8951842406844665E-5
2.152054550532134E-5
3.227487942649987E-5
3.33917839525466E-5
6.068870539420665E-5
5.995938912194132E-6
0.0
7.058390319958363E-6
7.348351440158302E-6
3.379073261674109E-5
2.6285644191547524E-5
0.0
4.1798309062450466E-5
4.3379550387634414E-5
1.1221013926088208E-5
3.256951184384335E-5
4.0892222600644176E-5
6.74318792178788E-6
5.244834262735365E-6
2.4689075856076242E-5
3.185821483051854E-5
8.777943601228494E-6
6.831437214684099E-6
1.6704250852955793E-6
9.284341723793388E-6
5.517935533698448E-6
1.1899259517555993E-5
4.841477169968689E-6
1.3989701248906527E-5
3.42384647470502E-5
4.506423763979556E-5
2.1139374821248917E-5
2.9607063082221636E-5
4.3859893997160936E-5
2.2506345219828334E-5
1.0909459295757595E-5
2.391108121475166E-6
1.94023760493503E-5
1.7083981419365595E-5
0.0
6.6773204734055234E-6
4.993594689835929E-6
8.741929924521025E-6
0.0
