2.5327970723813786
0.3600624110736662
0.06939290505352584
0.01861693604081807
0.00721081968232464
0.004465386303345998
0.004514234858117584
0.00444798201424994
0.004433779086891629
0.004572280154172703
0.004576625609284957
0.004417227996183379
0.0045251045981043875
0.004509278155397855
0.0045195158115384345
0.004388516954928095
0.0041454479195739535
0.004121289004828649
0.003904514813775797
0.003714242520205738
0.003812482774994186
0.0037517708139853125
0.00348537482474688
0.0034662917743947716
0.0034769261794448973
0.003707026043426919
0.004041910558620979
0.004463892556502172
0.005456815882208363
0.005262741102286501
0.005884823695696596
0.005637634291717844
0.005902615192761337
0.00476388598351813
0.004029635668011964
0.003680629416343547
0.0035181293522469513
0.003739071573805005
0.0036638828670424945
0.003557931320587523
0.0037269044542758054
0.003762394621646866
0.0039007093978620936
0.004127074089183537
0.004271591996659696
0.004298128255778508
0.004401289022238333
0.004425099437177225
0.004449645911387323
0.00460804757587006
0.004623933461557503
0.0045235674875324094
0.004518195412534361
0.004410793331457769
0.004408704997280248
0.004134992054475964
0.0041799521800530886
0.00399260208417878
0.00396259664819673
0.003925244711355912
0.0037981402814635133
0.0036748225907830634
0.003531712267987097
0.003469694123514459
0.0035814954652687797
0.003686879989365778
0.0037170900326853563
0.005073528596179591
0.005757948972902251
0.006799446645592006
0.006931897854486576
0.005310045955434099
0.005705731514215844
0.004643631025349742
0.004065060321743898
0.0038336859302912944
0.003617756059519424
0.003385203833804515
0.0035977486655996344
0.003735888747968828
0.003825479111855756
0.003928286493510153
0.004002297620458142
0.004133664765551275
0.004100874572168668
0.004303556415587113
0.004246147177760863
0.004484355105511361
0.004476083979949919
0.0046608715840759
0.004614163124185071
0.004559070183457003
0.004402822977587245
0.004535966700343762
0.0043385597701483996
0.004372217018514881
0.004332818284786503
0.0040874437633521095
0.003970178799701774
0.0
