1.251523434880522
0.14021993719673947
0.013771555071364027
0.004349248126242822
0.002890866416162219
0.002209268456294866
0.0017375710631984732
0.001826288121493036
0.0021204420691212757
0.002170744722724993
0.001916282581713702
0.0020569831064428334
0.0024767442506764435
0.0028286724857170655
0.0028374118003934856
0.0035023567804678413
0.003998157037594518
0.003935270549498826
0.003880861534446234
0.003948738159403786
0.004164247927534925
0.003674852795603101
0.004783817904763776
0.003977185614626589
0.004226995315178517
0.003933038974850311
0.003257862937331835
0.0032042593585635214
0.0032469813340934685
0.003097497485993972
0.0031505270414246
0.003211664639017764
0.003471804963156089
0.0037390764836032985
0.0036140335758617415
0.004369534161830746
0.005221980709841212
0.0049565447817737415
0.00559264598986956
0.005495516961267466
0.004879574218359861
0.005097286177890847
0.0048585652245217385
0.004789122673769086
0.0042254973650675985
0.003851876357312334
0.0036995086336678697
0.0042954631474252155
0.0033912914567830856
0.0037643155731137525
0.0029160373711278886
0.003783939186237906
0.00343580096984335
0.003933073049119817
0.003011640163728213
0.003809853609566982
0.003839664131166953
0.004028246130741664
0.0043946202023741774
0.0044024970490197934
0.00505477865865811
0.005371604784527662
0.0057432506403098495
0.005082285718181789
0.005408110123637178
0.004175704058470076
0.0045596246428851964
0.0038829262466377524
0.0036438101452523465
0.0033349224279462185
0.003073614744445363
0.0029203871508893587
0.003609712523585529
0.0034370304203277247
0.0036735306450461193
0.004291154603290925
0.00445496255594322
0.0048015689615556354
0.004973663809904915
0.004798590220064081
0.005182804552884046
0.005457419105558847
0.004400826787965217
0.003938449148097911
0.00396124131102824
0.003844967586767378
0.003278649308224091
0.003784387730819705
0.003626320348425094
0.0037339067932568915
0.003282657261655586
0.0037909393097516285
0.00333709257224406
0.003434800326597953
0.003539751700295979
0.0038766429269984195
0.004114735021662053
0.0043782652070256224
0.004316418005198464
0.0
