0.6780063140130832
0.8306031431070977
0.9765242509534422
0.989214020498941
0.9921400577516565
0.9937728697884852
0.9949650391914109
0.994592586541095
0.9936235501583234
0.9934097557246787
0.994164511399539
0.9937549671174807
0.9925506793065788
0.9916233778117508
0.9917770972290232
0.9901254283174653
0.9890953012830366
0.9896722916421663
0.9902479022291628
0.9905403193510154
0.9905240266002509
0.9920783663961812
0.9902467199122302
0.9923322175472101
0.9922825651143621
0.9931772751253181
0.9946015087527045
0.9948903064974484
0.9949704559916104
0.9952882324228444
0.995237031710964
0.9951145667161164
0.9946222062728258
0.994037456811119
0.9940113107880768
0.9924200778056507
0.9904659709563562
0.9904440700568811
0.9885976757776189
0.9881536828133981
0.9888962625662934
0.987788833426572
0.987791060651101
0.9874314455277098
0.9884752461541362
0.9891399874453063
0.9892787143196742
0.9872797319788011
0.9897999780800151
0.9885714788592495
0.991119118711351
0.9885119012619171
0.9896661063633996
0.9883528873104762
0.9912721775351931
0.9892584667332592
0.9895275797996422
0.9894282868970292
0.9889568938497654
0.9894532849582227
0.9884975753007179
0.9884207919787938
0.988290622004355
0.9902016488477121
0.9901261452588651
0.99275631893525
0.992444404752727
0.9938080658295319
0.9943557718391135
0.9949270727613573
0.9953533077583465
0.995557644339496
0.994408588739215
0.9945191165752908
0.9939127202661886
0.992556044463275
0.9918663540222079
0.9907428544210065
0.9898596608052099
0.9896560010284648
0.9882062453914706
0.9869260913683755
0.9889412975114343
0.9896639497406617
0.989195986391785
0.9891594660910092
0.9904983771198225
0.9887931930550915
0.9890930792843413
0.9886638003919979
0.9900025665854862
0.9884906487770999
0.9899629926180994
0.9898284354319703
0.9897416946480628
0.9890701603707125
0.9887773428383497
0.9885096982271856
0.9891534057495027
0.0
