0.021232430452763677
0.0011847317324472028
1.4283917027657378E-4
8.146337165453401E-5
9.075946207437233E-5
8.860140521186111E-5
8.327621424253382E-5
9.253126019903589E-5
9.032827600323061E-5
9.769083735981176E-5
9.708622980600514E-5
9.862598409854156E-5
1.1429371492813656E-4
1.0580707097394407E-4
1.116568466198184E-4
1.0670328117529018E-4
1.0576566741910787E-4
1.1341250680864441E-4
1.1480950832027559E-4
1.0669345426206656E-4
1.0687197436763055E-4
1.0470004348113315E-4
1.0575789070367027E-4
1.1172088550278673E-4
1.1334116996374562E-4
1.0669591916467633E-4
1.0783324589659677E-4
1.0676919785661113E-4
1.0745575336913875E-4
1.095002823707901E-4
1.0619985996445089E-4
1.1302772343411414E-4
1.048936401950537E-4
1.1012662836831918E-4
1.146160368392495E-4
1.152563727754228E-4
1.1345827053510977E-4
1.1573233416058677E-4
1.0790928854710946E-4
1.105608946156194E-4
1.1163092004241851E-4
1.0553735514128803E-4
1.1009720791310069E-4
1.1043982946601504E-4
1.1058187735972405E-4
1.0769513282929653E-4
1.1098631343666285E-4
1.1007668755350983E-4
1.0990188842670773E-4
1.1004909367243364E-4
1.1536708866907205E-4
1.0478166094971218E-4
1.0484822562598405E-4
1.0844023739765729E-4
1.08622708628495E-4
1.0872509866363583E-4
1.039994329721354E-4
1.0964593652475497E-4
1.0730477998472854E-4
1.1055596465888386E-4
1.1850832882627122E-4
1.1013651022646759E-4
1.1298644418856303E-4
1.0780546944142437E-4
1.0660746618857425E-4
1.1077601479999749E-4
1.0713168447446322E-4
1.0666369155499418E-4
1.1975526109237428E-4
1.1262489871994331E-4
1.0860745378235058E-4
1.0984074543653102E-4
1.1019559868681494E-4
1.108879378521679E-4
1.1299371450590265E-4
1.0539078730939406E-4
1.0640010287481892E-4
1.166722598359951E-4
1.0866719342031879E-4
1.1403059890635694E-4
1.0707506903302063E-4
1.0874400443217685E-4
1.0890673201816238E-4
1.1491112391190072E-4
1.112482779693933E-4
1.127290374866899E-4
1.1234003665963961E-4
1.1366683298487017E-4
1.2141025742903472E-4
1.1185910607567948E-4
1.1403470373919534E-4
1.1199932626914332E-4
1.1767486237196255E-4
1.1554907707303006E-4
1.0782131003085258E-4
1.0933667466177143E-4
1.1958986741084114E-4
1.1484640439519275E-4
1.07650037368509E-4
0.0
