0.06903795230456658
0.002933863959150151
0.0011039561280712837
1.8867249450225387E-4
1.603895531402874E-5
2.80619626387979E-6
2.0818860470729618E-5
4.1818745512706145E-7
1.0094873214209349E-5
8.187869563892197E-6
3.728075120689664E-5
3.8062773454999174E-5
3.856003049857865E-5
5.778634761717527E-6
1.0638900750935959E-5
3.116919607615981E-5
3.997830601018201E-5
2.1092754701342725E-5
6.068896527888778E-6
8.655581046086714E-6
2.387482350429959E-8
3.732954161479035E-5
6.109533329152275E-5
2.8897119940320125E-5
1.7112330561950413E-5
4.4250315368335455E-5
6.003952388119321E-5
7.664790067735406E-5
3.5196069237947156E-5
5.1983826882059934E-5
2.2813120940845534E-5
3.450892913980236E-5
1.3757013249679485E-5
2.6676326846993003E-5
4.6714768953803884E-5
1.9691427926517292E-5
4.747552662441174E-5
3.434783933414232E-5
1.93743586982445E-5
3.730967630560522E-5
2.6194295425288616E-5
1.0293588861046143E-5
1.9052175491348494E-5
1.0458389615237985E-5
1.0080776125336727E-5
2.106739562724308E-5
2.408216911894967E-5
1.6829756389466487E-5
3.975445759330232E-5
2.095196970729532E-5
4.186613555916402E-5
2.0990608687952715E-6
2.3792081275766237E-5
2.254702396321945E-5
6.423569734249692E-5
2.9203094294810717E-5
1.0980788888072246E-5
4.723282333811349E-5
5.478163327403557E-5
4.4516189088453925E-5
0.0
6.2564938667449E-5
8.376494894582475E-6
6.871756169368886E-5
3.025416068654363E-5
1.0008580405299061E-5
1.8803172295944746E-5
3.734617141668839E-5
1.7999144894778608E-5
4.389746127952953E-6
2.444859228855345E-5
2.6944075579320158E-5
4.6744334219646355E-5
1.656715002381626E-5
2.952048528363227E-5
3.212677201397396E-6
4.3207732307143366E-5
4.535600162659109E-5
3.4213893253310504E-5
4.091586394246588E-5
4.082331215009352E-5
2.1546004297887804E-5
2.335424628948368E-5
5.798741512470298E-5
3.686203672956245E-5
0.0
4.405798923607651E-5
1.579818960438656E-5
1.7264833465666095E-5
1.8161055622715334E-5
7.845799983247776E-6
3.717466462989025E-5
6.975893833475396E-5
7.046572136482771E-6
3.150805828092754E-5
1.1688367800022359E-5
7.290084519370049E-6
1.0876375412948377E-4
1.802913091845382E-5
0.0
