2.411020655166745
0.15729455204871393
0.028668943793953718
0.006380365088588788
0.0052027542243057775
0.005101903233484476
0.005580693265056426
0.005352855638233516
0.005549119210440876
0.005666678376428666
0.005710560195395455
0.005715319202995259
0.005601880003058374
0.00548267550707787
0.005398535557999399
0.005426505015172012
0.005349174389188574
0.005172425213519279
0.004940160798922217
0.004747209589535251
0.004763958238420024
0.004550625892212283
0.004499147341797122
0.004358277742996597
0.004486147076157216
0.004539654347981137
0.005225018295078676
0.0057533769874782165
0.006941523675636593
0.007709712743482602
0.008138975286937992
0.007255002903340707
0.007272563836997106
0.005767818058730922
0.005096128950096711
0.004616081455648279
0.00449804527579815
0.004362296622913613
0.00447788306470652
0.004498293730061648
0.0044961431699133666
0.004855577036016244
0.0051234029065879
0.0052282784667763045
0.005124254297899085
0.005285617907683682
0.005439114018675668
0.005549491554131878
0.0058151338334275545
0.005807532441196557
0.005669828326293347
0.005777748904021319
0.005888410638602196
0.005817631482996774
0.00558181474717741
0.005407873317933557
0.005195780250712893
0.005000850393148073
0.0049995871174574385
0.00472642824566948
0.004693052117478481
0.004669524046467347
0.004578665829149218
0.004356445446556298
0.0044234620085865746
0.004698831916714548
0.0049558491647503896
0.00587841695161492
0.006151778216779811
0.007243307058598864
0.00735667182350506
0.007447283063330992
0.0060776934607251285
0.006202315018933916
0.005059842863929559
0.00468110316073368
0.004478563759050722
0.004287613224295029
0.004170625092060144
0.004376405638612787
0.0044946246162251595
0.0046334415315901776
0.004912622697507337
0.005100385287269997
0.005172942902252575
0.005114647580545863
0.005478492827102069
0.00556191627415216
0.005758230049960743
0.005647012805055885
0.005708339930793528
0.005616443890922393
0.005638271652540024
0.005623228520042832
0.005559726077635891
0.005431608107465322
0.005190868682162786
0.005132915297320651
0.004687651906705356
0.0
