0.13284122899665932
0.01965169017211631
0.006952765211799683
0.0107851446894621
0.012584963903370239
0.015334034206808211
0.009503153938975184
0.014033055142609496
0.010870355159656685
0.002554982632067981
0.002724628895965009
0.0025548153235767203
0.004904812283492354
0.0215186241505682
0.0031690954184121823
0.002865428784575785
0.0037519089904807347
0.0039398432413841
0.004522747205549615
0.004768814115390862
0.004851943802022774
0.0043993975701579705
0.0046988694329882065
0.004412054632004137
0.003873195997555201
0.003383305629015543
0.003789654690928801
0.005587385183230986
0.004645924187811778
0.003257204241807754
0.0027741849243352766
0.005884607766532901
0.006007299849000325
0.003815319948193241
0.003104873868704061
0.004993919332398145
0.005359258797410038
0.004787437199580658
0.005306745816647062
0.004568598737283347
0.004882015632781423
0.0039425014717447415
0.003623291415229657
0.0032394314860517805
0.003436610380224503
0.0034101670820820052
0.0028952784504379324
0.0025253108207260234
0.006065310338676666
0.002643048470276965
0.0027444182411983653
0.0027871632558297945
0.0027709451729525437
0.0026121653578384807
0.003302727398499017
0.005592724366093038
0.00533120964854672
0.003383996374494447
0.004147856992654941
0.004683024438146754
0.00546755724265321
0.004626931222239427
0.0041670442997203795
0.004020187914765128
0.0077820515058318
0.003643591768586263
0.0036276528974020115
0.0030500193897413873
0.0029050328631356147
0.0024740330925530074
0.0025018878823950042
0.0034887226157982896
0.0036016098076956603
0.0032476933653618366
0.0032169971143399144
0.004170005125066267
0.004703012677690776
0.004483400525431835
0.0045762602976267
0.004213834073448508
0.004720845798324514
0.003995894682897527
0.003913339193559051
0.004380498116554754
0.0048054622943688565
0.006644843635330755
0.009296632492121537
0.0028108927282543663
0.002917399680794941
0.004811253722106579
0.0031347125660357356
0.002545463897179212
0.003592181270167638
0.0027707974971277194
0.0027870814043395088
0.0033300033663671404
0.003006436952205349
0.0051448031544151
0.003985363322432267
0.0
