0.8769400582681678
0.9643253569834831
0.9871525435821316
0.9838427458103756
0.98356833632969
0.982019480919136
0.9883787462798196
0.9843759492079982
0.9868667478399014
0.9922430326422695
0.991702059095584
0.9922435405934742
0.9910130249621162
0.9836415857783001
0.9908158675398677
0.9919211860173034
0.9897752694478383
0.9907447268116399
0.989212041268042
0.9887124639146896
0.9889591370865819
0.9907302800957483
0.9911169181288377
0.9915151686009761
0.992928580582656
0.9945900590631321
0.9953561320785289
0.9937914801918017
0.9935323313483296
0.9952849571509574
0.9958059859036931
0.9942069624178572
0.993830707608681
0.993915874663099
0.9948550216118408
0.9923613347283806
0.9914190701519342
0.991478777907919
0.9900873733686743
0.9903666171704792
0.9888907069945386
0.9905951842443228
0.9908951422719081
0.9914984489090877
0.9906268812226335
0.990613676479574
0.9916093972294746
0.9925217306320684
0.9911852363785153
0.9919756633757453
0.991641790037465
0.991538128625697
0.9916657999280302
0.992264526006395
0.9912830307018711
0.9906036106750203
0.9899506448485335
0.9911190533915905
0.9896543146797804
0.9889176541727306
0.987558275105694
0.9901504452822427
0.9915067954380457
0.9922493116146283
0.9897462501059218
0.9936933279584729
0.9942933955379223
0.9951362662898161
0.9955001310055149
0.9962366171520683
0.996217644702017
0.9946931191450078
0.9944251395145878
0.9948210441695616
0.9946692260851944
0.9927662049940817
0.9927225618995177
0.9913562646532494
0.99094520086378
0.9909168399573854
0.989257457748592
0.990427350185991
0.990166290116948
0.9896108148233921
0.9901141141357084
0.9900738760001639
0.985997492555293
0.9916760294163701
0.9912253072103414
0.991410416242865
0.9916190914191205
0.9922719316707374
0.9898385255733363
0.991794764479109
0.9926140796053469
0.9906113605393209
0.9918149400706652
0.9892602022730259
0.9905856534098068
0.0
