0.0010681977907074374
1.400848947369583E-4
1.6127334015678422E-4
2.9812374400566113E-4
1.5493391057147768E-4
1.9609672080606332E-4
1.0301927366882825E-4
2.4908952826010214E-4
9.822250623312636E-5
1.0889445506184262E-4
1.1130556443327173E-4
1.0868254316932671E-4
2.687267801178604E-4
2.51984376097051E-4
1.0388492908244955E-4
1.1661628452735901E-4
1.0388324721621795E-4
1.3252504035868298E-4
1.064234308106657E-4
1.1486196809813988E-4
1.110630611171307E-4
1.1402706778258719E-4
1.1734754535696064E-4
1.0669613636479813E-4
1.0622013293233456E-4
1.0627130054314532E-4
2.3400399016770883E-4
2.6151903983175664E-4
1.9240676794680437E-4
1.1468073466690478E-4
1.2003329253886925E-4
1.0597673075607313E-4
1.086381304862379E-4
1.1087741186403261E-4
1.1511904691380534E-4
1.1200986189331542E-4
1.8445647231064136E-4
1.3136219892559566E-4
1.2110022337941543E-4
1.0948592062086681E-4
1.062594314523346E-4
1.0580247828448988E-4
1.0581540063654513E-4
1.1435964085755594E-4
1.0674372055033124E-4
1.137721068325663E-4
1.1718608230305632E-4
1.0406877271673021E-4
4.467796968790594E-4
9.853395145379218E-5
1.086379307949734E-4
1.0989460831579512E-4
1.031951469578076E-4
1.0691327194624479E-4
1.229534120699645E-4
1.0854461416186592E-4
1.9608227467301552E-4
1.1014995643591355E-4
1.1264702866484424E-4
1.158255182461656E-4
1.0902795397656362E-4
1.0456131481327836E-4
1.0488873195918944E-4
1.0038367845482073E-4
1.7106406006142793E-4
1.0913580648483213E-4
1.0592516262838846E-4
1.0892944075277812E-4
1.1186443586393099E-4
1.1377225538262811E-4
1.024452486195236E-4
1.047686368004609E-4
1.0571542512658494E-4
1.0989032512904709E-4
1.0756953472931385E-4
1.1208928404857603E-4
1.0865686847020314E-4
1.0543927000545408E-4
1.2098904920121502E-4
1.0981174832171581E-4
1.1552491934626187E-4
1.0860373450768367E-4
1.1670544200170951E-4
1.2525161372927812E-4
1.1398981805990505E-4
1.1215764469143003E-4
1.1262605732939435E-4
1.0460019093172884E-4
1.0421018412368907E-4
1.1389428738790975E-4
1.208638812558041E-4
1.032088521586861E-4
1.1300287414886857E-4
1.0682481074078633E-4
1.1410866212869395E-4
1.0401450302823193E-4
1.110861229722327E-4
1.1214643832376039E-4
1.2093028309302803E-4
0.0
