0.016756715071979057
0.0022779618027500225
1.938940305773601E-4
6.233826889168765E-4
1.1947681148688494E-4
0.00380481721095102
1.628332359966761E-4
2.0324925163000274E-4
7.555339315721832E-5
0.04746162213456395
7.075963015509834E-5
8.467534387249231E-5
4.722964020626441E-5
0.0
8.601115306065554E-5
6.017597110361539E-5
1.4027036316962004E-4
1.696799109320857E-5
4.996272901776622E-5
2.8084305195297254E-5
3.0758624349158106E-4
3.9255693348017316E-4
1.26423495801109E-5
6.383097023895945E-5
1.4000329958772651E-4
0.02201007477794258
0.01507647672525671
0.001458258582260874
0.00806893008763095
6.83986830611294E-4
1.4826990043596556E-4
4.363338048857912E-4
0.07973834393078037
1.095167330953939E-5
2.0643162768314572E-4
0.020186089968593234
9.722973455677352E-4
0.004323882913937971
0.002345530329533915
1.1417069383477529E-4
0.001244216929079217
6.366916981968035E-4
2.1612936266436622E-4
3.305900341173951E-5
9.816758276676995E-5
0.0016806313318674215
1.12492914333151E-4
0.0027929293655510334
0.07124119620084376
8.547205295803551E-5
8.973385629374165E-5
4.855868226492643E-5
6.246935957345546E-5
7.698012935258846E-6
0.004192553364344173
0.0013031032597480396
0.0
4.892445105051657E-5
2.8437497233536614E-4
8.437443052800587E-5
2.264480280677106E-4
1.7126993945892343E-4
1.3149941195174099E-4
9.749132332002031E-5
0.001043854974062891
2.735654001452814E-4
0.0054513130098432835
9.354466558101349E-5
4.368551729452275E-5
7.095336571625311E-5
6.309574388841943E-5
5.902732004523514E-5
0.0
1.0322146641417174E-4
5.188987092591968E-4
2.0008901088774955E-6
0.017729249748346804
5.3456193864628856E-5
1.7342404320905836E-4
9.496901962452453E-6
7.22028381510198E-5
1.955056271606692E-5
0.0016251606612431551
4.008252673924906E-5
9.412541952387776E-4
3.15964526120191E-4
0.0010703413535113004
4.801729642451014E-5
8.149130751099465E-5
0.057008665295899694
0.009018671166369212
0.0
1.3084865999438977E-4
7.065613746100597E-5
4.8059136203509043E-4
2.488975538905591E-4
7.05643952526147E-5
1.483559047131988E-4
9.448366268529074E-5
0.0
