0.22788380534775196
0.024785703886573716
0.014171392099363505
0.02625284008245382
0.029671216608814173
0.042227961746093556
0.04129784645030404
0.04174507392178775
0.030047033942259917
0.0055351979372533664
0.005586226871536823
0.0053922656228191776
0.022525442016477555
0.04646292802750262
0.005251274149621283
0.005211228005074535
0.005226231671076051
0.008345132403440092
0.006906443216214883
0.005087221131453205
0.004751684182419773
0.004952110108270227
0.007745686544410569
0.004537228135406008
0.004663058057967772
0.009987841751555381
0.03459258912783565
0.020508128097808095
0.013374784874526141
0.008298324478822967
0.005569875817377674
0.03165274108895663
0.05473761578750391
0.004870027277488051
0.004666269972401544
0.017646790064639185
0.012124944913459695
0.007837227892340903
0.007722968632963373
0.004960847669696576
0.004707837674731457
0.004702002100041557
0.004945320099728404
0.0051115389449881005
0.005091797970844743
0.00545515525637817
0.005320877002102788
0.005420538817075949
0.040766744948893395
0.005489076191052349
0.00553521490646156
0.005561943720571004
0.005591384776337602
0.005514920909204565
0.007056571504372064
0.03466296752601658
0.0150508377897098
0.005379086047379527
0.004936246119212479
0.004996841564503844
0.0047662246388969695
0.005062659800794364
0.004510495712123256
0.004363439198944098
0.019811940303893875
0.004479394003263067
0.007819396195763693
0.00505440281223061
0.005349821489404849
0.0052505460116790675
0.005799390472995231
0.006748201482270183
0.0054619093833067215
0.005196887001218993
0.004705236483801847
0.004715801856661589
0.01331010047492808
0.004440127885337832
0.0058651580357193525
0.004575936922715551
0.004661462694035747
0.0050736419285553015
0.004873367434359027
0.007698500265132788
0.015249559578078067
0.03388812700967396
0.023718914805627413
0.005375280623032762
0.00546482643500317
0.031834696267091414
0.006789482140399841
0.005472039791393568
0.006494792679435031
0.005377174067212463
0.006972414031571392
0.00535794518009947
0.005184335240162599
0.01579331713533907
0.006411045643709183
0.0
