0.31785942962876385
0.023764594193163124
0.10371614600721596
0.1361208624704734
0.10724196583576134
0.09724028404390062
0.09648608450178409
0.07959514021614522
0.038669552864915024
0.012624568308817613
0.007232918470786165
0.005458516777371025
0.02718493362968266
0.0792034552388863
0.0822407677709883
0.06827955356832399
0.05802502564356285
0.03984239608438622
0.02403993664183071
0.021517826639576826
0.0717242550540021
0.025153730648158706
0.10195291757740665
0.11322061139707534
0.07533797635686695
0.06446998515877461
0.06173245981706643
0.04554815769803877
0.02085894744590644
0.0068106725766471365
0.0028458243998126798
0.0033167703288501382
0.01643456107282759
0.04937058876643402
0.05388624785640106
0.050402446595788686
0.04139615757801435
0.031688986065503355
0.022805723985423243
0.016454147648002404
0.07282313695133238
0.025940568993817942
0.10785569032951958
0.0943638453383899
0.08646016068642898
0.08560468586156933
0.0817235220560521
0.0761149360591169
0.03270944877556792
0.008787394771806789
0.003961962476158515
0.005008989832698513
0.028025248010612347
0.08615250220406909
0.07557970149511203
0.07009161429117852
0.05305007002025944
0.04046727859732205
0.02460389940197824
0.019516855130752797
0.07038255499068699
0.02716106954040748
0.08746131961287482
0.0945023458746786
0.0728793735974444
0.06564168855844188
0.05972206823546655
0.04637286717502537
0.019412007514852225
0.006332088484599818
0.003813389106768983
0.004015168391206747
0.01673150830663328
0.04794935980973719
0.054412933698573474
0.04928567186846511
0.04321104836991113
0.032820434114701535
0.022514020908317556
0.016272107497854044
0.07206851198623176
0.022361137938690018
0.1196868339929634
0.1091962297165292
0.09354287356115754
0.09452597136516155
0.09537024084007378
0.0746316304630758
0.03430846713885591
0.009625877495606616
0.007359169228185636
0.006179421536473273
0.02757453981652172
0.0813468325684833
0.07262687741771287
0.07369866880554435
0.0501699618849529
0.038729460563603546
0.023967690231571886
0.0
