0.697704005046688
0.9553823104174992
0.8599890421501489
0.8740510574429192
0.9213962954924637
0.9386735533524717
0.9407746514756803
0.9551993422497151
0.9807080937894675
0.9844220505773726
0.9793764470929788
0.9834962113313281
0.9228927208884773
0.8052470461778292
0.7957879951407785
0.8419308757170021
0.8568282890341394
0.9027843150876134
0.9452724182219117
0.9544270499713661
0.881108358186077
0.9464075036719686
0.8369449763262948
0.8543212461341607
0.9169544447121272
0.9328675143791152
0.9340292125732301
0.9505438119471682
0.9763614004859558
0.9913584443422498
0.9959459725774387
0.9949677431590358
0.9752356125277173
0.9306147437015075
0.9189023040463238
0.932513121344283
0.9311870228148096
0.9439651368910617
0.9590850259876468
0.9656561542921036
0.8610150490190271
0.9397455472361166
0.7929228358010627
0.8616823959345704
0.8812973348472972
0.8760716094699179
0.8382616689649762
0.8133115662867653
0.9090748564176304
0.9753302321927564
0.98871404685057
0.9857181843761234
0.9198132289358019
0.8497384642676238
0.8161110522454575
0.824096511708757
0.8686348479742699
0.9029237383654785
0.952091752675738
0.9575901079015822
0.8699946668719141
0.9437535986513856
0.8568754257416947
0.8854661461625111
0.9246665351348393
0.9390283809478488
0.9398862451534958
0.9504380277985482
0.9798544983059989
0.9910212889673439
0.9950132192248146
0.9945093585012286
0.9758514326608094
0.9312282784218484
0.9167599672239752
0.9260898365798595
0.9299010284276046
0.9444590783814619
0.9566157680403684
0.9663847291390296
0.8659383059624497
0.9494871533939963
0.8039111513972783
0.8675876990542704
0.9088438991640012
0.9115345365431867
0.8994931740043911
0.9114866631464761
0.9519961452897742
0.9840479917072056
0.987600340429024
0.9830596836734395
0.9214709671485253
0.7993860010691709
0.8120741908622934
0.8201046150135236
0.8749401926248004
0.9041605227665044
0.9429273775932289
0.0
