0.0019749107122629607
1.4375357794519633E-4
4.343786619667909E-4
7.616732742373102E-4
6.881887793756784E-4
0.0012484150469648492
0.001366488103659884
0.0015898500360592102
6.014661683018295E-4
4.0255220815930325E-4
1.2016901445157426E-4
1.5901406302293547E-4
1.0979434033506051E-4
1.6691232400075685E-4
4.94857753510785E-4
5.671413002666284E-4
4.265790568617641E-4
3.1702072172068863E-4
1.1597226088867074E-4
8.134677979756974E-5
1.4862862226754819E-4
8.29446943252842E-5
4.508364164901243E-4
6.088731469108357E-4
4.625900931230736E-4
3.1278781468311006E-4
4.2947223012568963E-4
2.3550352576445533E-4
1.1433397784230801E-4
1.5861580835216206E-4
1.0111371329248249E-4
9.116142289486055E-5
7.846919150957339E-5
1.0951024975927853E-4
1.870230533435803E-4
2.693301462755774E-4
2.0057394379889278E-4
1.2527669435720749E-4
1.245215458446832E-4
7.721893056884645E-5
1.7442306100918479E-4
9.405485630875198E-5
4.469958892183092E-4
6.857361231765566E-4
0.0010437726154553383
4.750352440427367E-4
6.132998058365114E-4
2.8343443144960813E-4
2.9318344022809766E-4
1.6301069478448087E-4
1.0590802883847103E-4
9.525777994570343E-5
1.1253241623899535E-4
4.347739526698809E-4
7.784967760197134E-4
6.294137484661805E-4
3.951249422130922E-4
2.511492499269058E-4
1.2077329409375243E-4
9.466126529378498E-5
1.508516736592597E-4
9.158164271549406E-5
3.5107037234764294E-4
5.918516409185143E-4
4.606277558730741E-4
4.1171437472840486E-4
4.289402883591662E-4
1.8537938763379456E-4
3.1645529644470244E-4
1.1089844392970312E-4
1.1436629646008719E-4
8.56867749987978E-5
7.844689702645062E-5
1.0480134852426225E-4
1.9532781098039424E-4
2.3246200684049715E-4
1.7948263554911837E-4
1.6015803861751184E-4
9.913482686360637E-5
7.886032814747744E-5
1.9615891159358825E-4
9.285483121568511E-5
3.4664784131113263E-4
6.317416103435368E-4
5.775270966722388E-4
6.971607454291807E-4
0.0013239428574931367
5.735941353125129E-4
4.17495347945581E-4
3.1919315808452253E-4
3.2516838511459053E-4
1.0012458259040676E-4
8.658560100362623E-5
1.9950095848238932E-4
6.70171099306117E-4
5.167432934844314E-4
3.710635284193194E-4
3.309462835176873E-4
1.3246799115666753E-4
0.0
