0.017747141530978006
0.0
0.0
9.231879914993191E-4
0.0
0.024574309246637782
9.55434211039996E-4
0.0
0.014853939787530301
0.10116635698901898
0.0
5.395725348023017E-6
9.055610678047749E-4
4.252014753076683E-4
0.0031890035615915954
0.0038844718378911597
0.010506486786983238
0.0
0.0024520051401433762
0.003677989735562423
0.0
0.0
0.0
0.002168975860585981
0.0
0.0
0.005598418292864685
0.0
0.0
0.013843030456669458
7.395308692927094E-5
0.0
0.0
0.0
0.0
0.0038014072282925165
0.0
0.002626569966124759
0.012367722116188293
0.0024251237682729743
4.22363320475988E-4
0.0
0.0
0.013320930460952882
0.009041560473566787
0.013949198511894523
0.00852346183027515
0.0
0.0
0.0
0.0
0.0037189102477449137
9.560631275141659E-4
0.012015750033616768
0.0
0.0
0.0
0.009852009864109487
0.0
0.006113966955017022
3.380698025409745E-4
0.0
0.0016032235752632545
0.013247464422892194
0.015451208491486595
0.005287129756955611
1.4111103836401961E-4
0.012009639909185188
0.054639280045689465
0.07626169760664508
0.0
0.0
0.0029848714637019658
0.002600522780206893
0.007051567685723958
0.001954169288925056
0.0023821723682310864
0.0
0.0
0.005165515875427636
0.0
1.850759849124778E-4
0.0
0.008920094311082344
0.02716201852556227
0.02065007619268644
0.0
0.0018971780117225945
0.0
0.0
0.0
0.0
3.8554725612374025E-4
0.001197217481013986
0.013063443790489418
0.0
0.0035860765383081417
0.0031455309583146573
8.208545740674283E-4
0.0
