0.3422093928654151
0.022737538804694882
0.09614398385807504
0.23647708231772302
0.335230437205182
0.3859888565680289
0.48675091659528813
0.4511843128410064
0.9456227934542335
0.14531513672354932
0.009489050230208067
0.005869039875799122
0.018524423839955274
0.05488791788413212
0.05511143369335563
0.044923523783288864
0.03701395562257842
0.026017509601102107
0.017963590242049923
0.01709982233585493
0.06093911238555136
0.019264738293163348
0.0759688655512519
0.09863180904475932
0.09962947466196456
0.09106632600815855
0.07860316597363322
0.05686177724018253
0.04991783952153388
0.026250650543591304
0.009539082260400133
0.006791176768130333
0.012938339944293272
0.03572030468295158
0.03871535175083492
0.050634184452655585
0.03009674243579731
0.023278373594405353
0.023580312419458967
0.012575376521265804
0.05130996798731874
0.019205526702138737
0.08356827641163825
0.10570354527694359
0.09466494887669505
0.10680787641973169
0.05867340754008833
0.052841974932068034
0.021828277053757415
0.008903479317811453
0.007451975619386961
0.006773373235847669
0.01866312277145044
0.07776743557900564
0.04987501365101098
0.047403540046136575
0.0358185086579868
0.027785923541856543
0.030290836491331866
0.015347932817214745
0.052015161678810144
0.0202721619193836
0.07293596051691875
0.10585132991890304
0.11112354824113875
0.13353510491543957
0.1209736299146131
0.09620752040846574
0.06604020866796406
0.011416787207536909
0.013961907148282614
0.01471887046854926
0.014291343629210255
0.0358868897409277
0.03881164353907003
0.034219903865377335
0.0319964959693123
0.025239114008173077
0.016899726223941213
0.012764252353025144
0.052737552780714944
0.016705996398842696
0.09735999894179143
0.16143808003771568
0.1894934787017307
0.18464735330718754
0.1534942870462072
0.09988566689838764
0.09723645350521233
0.08301657687885508
0.06524032681070152
0.007716352627346625
0.018385869727593405
0.057456273444962735
0.04778802452316263
0.047854014315714566
0.03447938060736841
0.024028627585534076
0.016539977879764342
0.0
