1.6696283585251634
0.22908174930706973
0.03784496953029406
0.009624306369037949
0.0038622520507728296
0.007222079685077276
0.0027398273253490314
0.0019487890468950608
0.0015243091032316359
0.004665629923111925
0.002543441637759991
0.004205631065242554
0.0020677787441265695
0.002390412854281776
0.0024570521610339903
0.002694715656831137
0.0030018252268215638
0.003679304742803846
0.0034851259131134073
0.0036850272404713056
0.0043327066618858105
0.005123751506279783
0.0045678949335444365
0.004469586471551023
0.004765299426736891
0.0043120313621791695
0.0038495437673151446
0.003839592039888262
0.0028902027863308755
0.0036078427134289106
0.0029142760675454184
0.003557275822652728
0.003363941668420978
0.003606793410736575
0.0038136409471220658
0.0047147515977408625
0.004656943183679952
0.005605507344257199
0.005403878466415579
0.004494397066355227
0.0051631832770070215
0.00478424893747601
0.004200047929207973
0.004191384661845354
0.0037746296758125685
0.0036349899540848328
0.0038370073740186307
0.003758939909407988
0.003632844883420816
0.0034887785356267575
0.0034798498826349223
0.0034577622844201073
0.003867403256359503
0.0032837749727691714
0.0035943881681096412
0.0034243311283860935
0.0041856651811157716
0.004356013515917756
0.004882124737547266
0.004478600651296449
0.004824562992968085
0.005205301354777347
0.005187290973503444
0.005756423632188046
0.0048289594426586206
0.004269680817669363
0.004627655113132345
0.0038080624105480522
0.0035991716299501597
0.003178024063264484
0.0033414220922612036
0.003371648846863362
0.0034650998841071036
0.0036250436966667856
0.0034778809056223324
0.004600425913023165
0.0050977507129257305
0.005802632799208274
0.004997895890080084
0.004606098887845
0.0042068928927433856
0.004611109603015607
0.004535422918524046
0.003730622741043188
0.004113596776537232
0.003938960669741054
0.003325891762182953
0.0037369884706769606
0.003107885575548175
0.003379018462958505
0.003092163761963129
0.0038874009757592365
0.003184074853492902
0.004575747976592781
0.003456370386001184
0.00433880687258994
0.003710667785931365
0.004726670833631453
0.004138045915026622
0.0
