0.6472779247508051
0.9099317296344058
0.9584927037632497
0.9810640523461505
0.9896416889481119
0.9887297916225577
0.9931397618687521
0.994372333024059
0.9954153199558542
0.9894177993114003
0.9926066146728578
0.9895129688666808
0.993780722751396
0.9929212208792322
0.9928793900240178
0.992402496461177
0.9918127284641585
0.9903440481451339
0.9912423341254104
0.9911720708274121
0.9901406895360182
0.9889550726607673
0.9906869451167853
0.9913828973453622
0.9912997566133196
0.9925198291134958
0.993621055049371
0.993877169010607
0.9955231026571084
0.9945119192517581
0.9955941960463418
0.9945888392290991
0.9947892855171887
0.9942484028932826
0.9936805483627161
0.9918212219076492
0.991497587977656
0.9891929079962448
0.9889825362728079
0.9903117297997934
0.988250894675548
0.9885387520603288
0.9894458285397997
0.989000146785702
0.9897049568098982
0.9897514787922498
0.9888802388944328
0.9888685523581057
0.9890734553738572
0.9894080136281385
0.9894020104076902
0.9895021794534358
0.9883679717620886
0.9902756707853572
0.9895833565448179
0.9903454120548018
0.9885838857000943
0.9885680954767112
0.9877318586743187
0.9892709695590461
0.9890214436118772
0.9887792811240239
0.9894241163086568
0.9889019501741659
0.9911835293665258
0.9925932954878011
0.9923316738290376
0.993927447943786
0.9944249164858118
0.9951657391786697
0.9949484364817488
0.9948712062592339
0.9946325923781607
0.9942192999534134
0.9942369246376224
0.9920195450613039
0.9906927838199986
0.9888128615888274
0.9898102562773282
0.9900709416779453
0.9904269856339127
0.9889535283117936
0.9886030750283246
0.9902093685356645
0.9887804473237501
0.9888944612034015
0.9903614670879
0.9889335577311064
0.9906523808409358
0.989741246930856
0.9905827203838493
0.9881977896456515
0.9904232255722107
0.986449717140605
0.9899833361684586
0.9877671314606795
0.9898794084714921
0.9875953438882515
0.9896016314971889
0.0
