0.024643387845955843
0.001544032299433503
2.067022463519077E-4
1.0876003730281806E-4
8.567699039936576E-5
2.0090328414378275E-4
1.0606919687123975E-4
9.383763352811391E-5
8.75878478749836E-5
1.6773190073854716E-4
1.0178197100620644E-4
1.2395908789066332E-4
1.0544830530353732E-4
9.792251270058076E-5
1.0169393417373171E-4
1.115506256766095E-4
1.1336676729970928E-4
1.108745298069312E-4
1.1039241034866347E-4
1.2122092579050141E-4
1.064410058836509E-4
1.0994038800056692E-4
1.1703229556472077E-4
1.1977413036792961E-4
1.0676768059526206E-4
1.1127945844810735E-4
1.0936884554158162E-4
1.1434618452696484E-4
1.0912434172108618E-4
1.0857362050707673E-4
1.1241634587982646E-4
1.0924803449469701E-4
1.0526740777910945E-4
1.1006284132590456E-4
1.0948766292668522E-4
1.0779407933585175E-4
1.1751280422948418E-4
1.1113296980461965E-4
1.1335062294302541E-4
1.1310359429665817E-4
1.0884503127042349E-4
1.0608068724516883E-4
1.1569624786898418E-4
1.162285562723741E-4
1.1585005701603404E-4
1.0677504628463566E-4
1.146957291697866E-4
1.1249900088683009E-4
1.1777835740128318E-4
1.1029741464534638E-4
1.1625442086392371E-4
1.1352271260641804E-4
1.0892119144485386E-4
1.1902966449885851E-4
1.1510346001277445E-4
1.0748072065548266E-4
1.1847146303231976E-4
1.126829930195759E-4
1.0771969096526458E-4
1.1124711917394369E-4
1.0971432320043904E-4
1.0633710657590393E-4
1.1238431520761709E-4
1.2102033586055623E-4
1.0980455976167396E-4
1.1875947643313928E-4
1.0418316535095499E-4
1.1143632804303662E-4
1.1329338038271028E-4
1.0975667294223632E-4
1.1194349193066571E-4
1.0600825224357808E-4
1.0763041117728082E-4
1.1405970172672878E-4
1.092368527551238E-4
1.1261900758526788E-4
1.0088880982847964E-4
1.1088524553703473E-4
1.1016897410167795E-4
1.1409208882835037E-4
1.1939580254378852E-4
1.192714293439361E-4
1.0109060657770912E-4
1.0661585968198847E-4
1.05770361501324E-4
1.0665978444169792E-4
1.1512689893137469E-4
1.1164049379226615E-4
1.1276022236660207E-4
1.098290157001701E-4
1.1390697122709813E-4
1.0785666136887719E-4
1.1037913469758621E-4
1.0882937272775906E-4
1.2007338248292614E-4
1.082530004684557E-4
1.1169936710835079E-4
1.1050051297294555E-4
1.1284500601702182E-4
0.0
