0.026843321397646815
0.004342779996563512
0.0020653365329352928
0.0018581033207163374
0.004658043966389
5.51194500305343E-4
7.949217508034373E-5
5.8494208150980385E-5
0.022349502670843197
2.570479101817812E-4
0.010584097627259443
6.429622909245557E-5
4.892734309974618E-5
8.217122750966005E-5
1.0759311962938306E-4
8.242118268251414E-5
9.395092861426633E-5
1.1417365732886847E-4
1.1113842086728914E-4
1.630276369366423E-4
1.5626626115681705E-4
1.9681114863316363E-4
1.8659304142483804E-4
1.9287727248943481E-4
9.877617830429536E-5
5.455266580272205E-5
8.821956124297411E-5
4.074309424425063E-5
9.792650907187658E-5
2.5331909025923943E-5
5.2443531817147895E-5
3.1279027490169195E-5
8.180621334345772E-5
9.282531272828479E-5
9.836364513751903E-5
9.703004171177296E-5
2.8689620402728365E-4
1.5623294358976385E-4
1.7523369272005006E-4
1.9366549947928588E-4
1.9825849636393895E-4
1.6231297145305503E-4
1.3839397921650218E-4
8.231295409383902E-5
1.5265218014618478E-4
1.1801349015150703E-4
7.09548642216857E-5
6.058367959396564E-5
1.306084794002963E-4
1.8019419585759076E-4
3.11482339473014E-5
6.592503646614886E-5
1.4240811844359844E-4
3.876607220626507E-5
5.7205478288957504E-5
1.1984337544489257E-4
7.864407455463323E-5
1.3859168385017725E-4
1.4220959148516095E-4
2.686807450991431E-4
2.122991684131253E-4
1.7170063045592252E-4
2.2095019240557165E-4
2.1020313476424607E-4
1.8123714576963809E-4
8.33494687546843E-5
4.515611084086879E-5
6.0598594755206095E-5
5.680854940966276E-5
1.5226627681206168E-4
3.906956831213893E-5
1.2343505064897619E-6
8.979594612867418E-5
1.1094832537467264E-4
1.31818641598868E-4
1.2365466790396283E-4
1.8646554927476827E-4
1.4170641664949037E-4
9.405907442366843E-5
1.8746561021856927E-4
1.3948197927796598E-4
1.712814884000241E-4
2.036804782230315E-4
1.4722202785259693E-4
1.5268370467894747E-4
1.2632617146554753E-4
9.066684610263311E-5
9.341933672566659E-5
1.0343612406584109E-4
3.0295398947746894E-4
1.0449647765527689E-4
9.51668581218007E-5
2.2661648238751427E-5
1.6446100638683423E-4
1.0486712226222757E-4
1.3176303527294778E-4
1.0470253674665537E-4
1.2579648264527782E-4
6.403061764331773E-5
0.0
