3.8014454228274106
0.6775028570861756
0.0683773374024808
0.016740361809024964
0.0054691369812114934
0.01601149282660443
0.007317295557140201
0.005677613849335384
0.005382792603527352
0.012159565745323559
0.006163310668190495
0.008422187499288176
0.005530413076013286
0.005523061551048228
0.005457138116783477
0.005442924894148199
0.005288591374511381
0.005236004515509962
0.0049211631624734384
0.004696342925516577
0.004601672397311934
0.0044945726666409174
0.004513283752878549
0.004378880708854248
0.0044279610462671926
0.004645867713190451
0.004998864002658668
0.005746003940655644
0.006829677022384402
0.007620521086780502
0.007539619875191956
0.006648013770326906
0.0059840715697479455
0.005689099803075198
0.005031990502745577
0.004573280053857929
0.004312728076892229
0.004469155843418974
0.004390790622952882
0.004468041758388353
0.004580469664376937
0.004873609425697653
0.004972462160637444
0.004987008653546296
0.005002945633311857
0.0054428976646003395
0.005723200577337169
0.005658977666226617
0.00572784843982915
0.00554258457760399
0.00545725210811294
0.005606262841328176
0.005615561281811725
0.005595349310072459
0.0054480409292622265
0.005294720097679959
0.0053261171011241785
0.0051280161886538365
0.004833404474410821
0.004812376749216611
0.004658567524554813
0.004747273992553003
0.004348148461433581
0.004270663652457703
0.004415431677843336
0.004635794952460344
0.00496784810767194
0.005459943340602478
0.005702319143543381
0.007461309880695729
0.007947223872087562
0.00733610735857842
0.00575988591035427
0.006268581310470815
0.005288410105824339
0.004752358512678149
0.004431992206806502
0.004219574122219946
0.004426096737690793
0.004640989091648979
0.004846274878189398
0.0048212187956032234
0.004945991509843685
0.005103453076206206
0.0052537602089831326
0.005448712077479031
0.0053626787786384
0.005393114315526345
0.00556246515196981
0.005626403507498291
0.0057124253130945105
0.005750144893123542
0.00551051974764123
0.005603772574172642
0.005574229055835546
0.005511861694652091
0.005111726837234359
0.005191035222473854
0.004891004524745251
0.0
