1.2729938187940868
0.1895914606291666
0.02277030204521554
0.007207867686376079
0.003392787027751154
0.002272700989691889
0.06523805406327633
0.020280064301900658
0.024726847575254694
0.005673774325650971
0.03397525773674855
0.011994408582298721
0.006876478269389907
0.06805273971404814
0.023668170002524146
0.09961586218438792
0.02859420692745922
0.008778208935900644
0.0381375879135933
0.005929185295111295
0.004118333468547053
0.004625775000849264
0.005633396318845574
0.004629222000577471
0.0049508333502134684
0.004679356923716238
0.0034123385974534014
0.003431627397801562
0.003033317655001122
0.0025590582912567105
0.0028411911631235133
0.0028732582380801785
0.0030460445300556803
0.0032259374293677422
0.003882477247904537
0.004193613978549471
0.004996849541780923
0.007332690006107212
0.005032977817164652
0.004797793819255491
0.004735305364070086
0.004320060947324278
0.004377974927541095
0.004012955643277605
0.011586457849437515
0.004368885542013934
0.003619815378443925
0.003626775721179765
0.003649667413402102
0.0033814740442361436
0.0034483681888077935
0.0035544696896354757
0.003364971179071674
0.006044890943513748
0.004142084125515833
0.004106954350873304
0.007549295639517273
0.00848032402372012
0.004320675107412064
0.004441125767078824
0.004583652989216602
0.009007593994622254
0.00466488757884731
0.005224778765871263
0.004521196699700103
0.004796579308903226
0.004532096025670595
0.003656032517576557
0.0030725912207135277
0.003493437142250233
0.003154922661209025
0.0031572477006306388
0.0033108860599756263
0.0037536166871003696
0.0034314426304224545
0.004317609057250515
0.004050271110648462
0.004361806455596184
0.005220486488124598
0.006249150201701581
0.004607909952440059
0.004127989266670518
0.004080092123035672
0.00422058799606424
0.0043493799312232405
0.003733918271052972
0.0032672638949448165
0.003461366752090933
0.003451817604492746
0.0035465653838075316
0.003265016780611507
0.0035838895352088285
0.003165741973069991
0.005464361436563814
0.004245634219288796
0.023127312741552976
0.004764417558743128
0.0038004657124262597
0.004574809525999202
0.0
