0.6028639099869441
0.7051560120971134
0.9609788778088915
0.9838594203599355
0.9908082600416716
0.9936019741398887
0.981282275290528
0.9842244543380693
0.9868098815190111
0.9890272457114694
0.9897511483013728
0.9895445377484918
0.9866427183791746
0.9837940802303777
0.9888697493363896
0.9844635943409987
0.9842221747884757
0.9858545473492024
0.9875139934169155
0.9911547993713798
0.9912220162001855
0.9900285272013288
0.9885145937330918
0.9910751293337791
0.9924934128172724
0.9924447847009954
0.9943455325145599
0.9945277325411057
0.99530141905127
0.9961072808164282
0.9957046858398245
0.9956293346263566
0.9952817052397048
0.9948557374176266
0.9935664821253025
0.9927252502227326
0.9908770040899852
0.9920085153279163
0.9907217282375609
0.9899568570873718
0.9892245542176159
0.9896507706269366
0.9889987212497264
0.9894684151914352
0.9876350802659525
0.9908043279612448
0.9905537432834983
0.98925993364561
0.9890228580787719
0.9897337917475697
0.9894978888722162
0.9892085742538971
0.9898791418478652
0.9905594958381195
0.990198060389884
0.989594684034207
0.9898280986045
0.9929256895413985
0.9910325564966206
0.990444263198636
0.9895696474729322
0.9892733652327992
0.9920643375272981
0.9899269305427127
0.9917454270626218
0.9916792736676353
0.9924900214658736
0.9941698834239958
0.9952405846617886
0.9946859476289764
0.9952303864108701
0.9951973432049108
0.9948714681631946
0.9952828259935007
0.9949333870899357
0.9932378531175505
0.9937853721977961
0.9926198013624173
0.9901348816657757
0.9909517632526585
0.9905367020990671
0.990110901607354
0.9897472618013549
0.9889235056716809
0.9881373649635004
0.9894725594644658
0.9905313723849896
0.9897497635772627
0.9896179329679278
0.9892325718504065
0.9900562912117815
0.9891192551411494
0.990478365563731
0.9905896033205576
0.9876960261844199
0.9889859997528617
0.9902910835173311
0.9900260729197173
0.9885041016319407
0.0
