0.013990874576746535
0.0013086522070597842
1.3520258498278228E-4
8.741927428012133E-5
8.273376525380295E-5
7.807355877192915E-5
0.0015493019597771283
5.520285655350864E-4
0.001027647260181536
1.8894570776800841E-4
0.0012010276504675784
4.6141644663441064E-4
1.7048887810201444E-4
0.0015963481421600412
7.574890243749602E-4
0.0022899663085557383
6.165314127799213E-4
2.0254947558950368E-4
0.0015546191630445444
5.989360345658776E-4
1.3163434660168008E-4
1.1273704821568261E-4
1.1380809370700154E-4
1.1631791667162247E-4
3.6332666242701507E-4
1.3689652587798361E-4
1.0881680910989873E-4
1.0256825743586907E-4
1.0229313580843923E-4
1.0887000277124828E-4
1.0481713920127229E-4
1.1096266322819404E-4
1.1217122316753146E-4
1.0373181579954467E-4
1.1666979939616618E-4
1.1851822525834196E-4
1.1415278385047806E-4
0.0015766973224730398
4.167426420439358E-4
1.1720949535439366E-4
1.1189164803262285E-4
1.1418564940898581E-4
1.0935097569435147E-4
1.1453886398090896E-4
6.558897297050696E-4
2.651505185402916E-4
1.809588679112749E-4
1.1331096363497968E-4
1.0956918235610126E-4
1.1055531487527295E-4
1.092397141307658E-4
1.1690839461181958E-4
1.1643902849138997E-4
6.998812204959623E-4
3.950795413789505E-4
1.8207519499980493E-4
4.985899569236594E-4
0.0044284828725370965
5.522002557395895E-4
2.2887321825850482E-4
1.1917367153449327E-4
7.013637020931669E-4
2.6060264069508517E-4
1.289719777460067E-4
1.1174559324418211E-4
1.1872344528158813E-4
1.134013514447729E-4
1.050107872734621E-4
1.0977721530995353E-4
1.0682664349706124E-4
1.0706569935807031E-4
1.0838487647472632E-4
1.0737513534727814E-4
0.0012939723065856664
4.030945919841934E-4
1.8882854978141372E-4
9.398872149347894E-4
4.3158128586725044E-4
1.8970360003079317E-4
8.88506534980952E-4
1.697377140455276E-4
1.1319572721554585E-4
1.143369347548111E-4
1.0891993618002369E-4
1.1561856923139251E-4
1.107117707691882E-4
1.157442719979205E-4
1.1352966033166722E-4
1.0892152055296268E-4
1.1567654141781765E-4
1.0938252087979255E-4
1.121255114107181E-4
1.1023286722727445E-4
0.0012370593947646819
1.0936064720929955E-4
6.332592973759493E-4
4.168157643609242E-4
1.1328795291497638E-4
1.1290457438312986E-4
0.0
