0.018838488744635413
0.0031466727181876054
9.478380394427153E-4
4.765403057251649E-5
2.1380266850271056E-5
0.31194116215183615
0.007182712399007775
0.11845061199382016
0.014896557317221426
0.07904039149123596
0.0034300367317531277
0.0019352664481485417
0.08673486642367768
0.050129559708678884
0.0036362504123638867
0.008279597333061486
2.7406401522473563E-5
0.01848719758859781
0.00446833979952575
0.0033941731955206772
1.5501248327548373E-4
4.902412296932564E-5
1.8649667060087818E-5
0.0038963353548132824
0.0015374714950215037
3.212598987497109E-5
3.1156262919080494E-5
1.3532645533133324E-5
1.0928758833558816E-5
2.1228188458488616E-5
0.0
1.8864735903154072E-5
1.9940156450237723E-5
1.5359220484204018E-5
3.5638988507956384E-5
7.014477028362796E-5
0.08994142965565756
4.580238137565293E-5
0.0010993812346064172
6.967332538622001E-5
2.9273854096622392E-5
7.122440036953572E-5
6.077312670505798E-5
0.07309538478615872
0.0023775067302146636
4.246145554462205E-5
7.812368242090112E-5
4.536068780869873E-5
5.56217678042141E-5
4.225080423270675E-5
7.199526044199926E-5
2.1930095731925725E-5
0.060065372681271476
5.805486412306139E-5
6.532528831796707E-4
0.012515055352709827
0.02467650466886458
0.002220470341643305
0.0023967234760407306
6.485824079060335E-5
0.04325803732847477
0.11017872709944879
6.732721685411939E-5
4.011360027536548E-5
1.6943756349405494E-5
1.7515158843213476E-5
9.43384845443762E-6
1.025990496564752E-5
1.528641200806702E-5
6.438681639364674E-6
1.0055001228983367E-5
0.0
0.07415961286246991
2.6180913984252818E-5
0.0020723953786212813
0.06714397068060478
0.004886103565863072
8.315136559395263E-4
0.006841724477957197
0.0019552476657716173
2.9499242309320022E-5
4.73796745959227E-5
3.2373902115290234E-5
4.025229554076651E-5
3.374764409175626E-5
5.7619009130533554E-5
3.292692658558652E-5
3.098828503238539E-5
4.0593176145870685E-5
5.4060247564267915E-5
3.116953695727759E-5
5.884999626786444E-5
0.08616932523181883
4.026316089536866E-5
0.021635683101319893
0.0036438107001582425
2.8753631813362503E-5
5.174621360671122E-5
5.1835838220466725E-5
0.0
