2.2806246140726842
0.19739829500440892
0.03755548840527142
0.013922550064741806
0.005283394522814164
0.005152369297810836
0.152236018995271
0.052466133968692166
0.10048765516373903
0.015433154514821999
0.11626042050630217
0.04271121028257889
0.011795903437650886
0.15550708943615035
0.1946828949871846
0.22678857120971316
0.056980189203240696
0.014074732081414121
0.15086305337394706
0.0553475364782855
0.007709746822309002
0.004393521841554879
0.004272843929066114
0.004596999262472019
0.03079241959426729
0.008497543165247264
0.005290425395108733
0.006104089522039771
0.006173145655723137
0.006582650761105748
0.008271215857644442
0.006878410852608522
0.006700306630243952
0.005423515436438307
0.005107222187014438
0.004576310838278782
0.004414709895462015
0.15265310541989974
0.03655636433898944
0.0053615578276611404
0.004749485091357272
0.004792698221993518
0.0052066423516927245
0.005291719724444408
0.06122124657150178
0.021673140195003566
0.013162707532735924
0.005496618187084345
0.005659474452268352
0.005731871309493323
0.005568889933559438
0.005291212135195879
0.0053915449894821775
0.06637113037713592
0.03468087316758539
0.013856062885434431
0.04617388530476823
0.44166064748717304
0.05021981985838112
0.017693817430123427
0.004666723373497535
0.06451153754578996
0.021626261606187393
0.004309275002240954
0.0044469744133022095
0.00490209483837923
0.0049598705829999755
0.0059431092793716354
0.006120041137262579
0.007232331803027028
0.007147354834271204
0.0060285312981608954
0.006590211418425031
0.12630512965667037
0.03563967367030518
0.013064797556732826
0.08871914664941785
0.037850624458838446
0.013702537641702161
0.08397786807647104
0.012057122000002416
0.004619782411444477
0.004760725439207497
0.005118204619722987
0.005190066523778764
0.005234132735596925
0.005605014574119428
0.005598116822653978
0.005676531987431883
0.005781149426512977
0.005552779939419853
0.005759298199913196
0.005315362150807414
0.1196754109604657
0.005422711480715077
0.26870243062460736
0.03696465153572623
0.005193160515981056
0.0048307589520853265
0.0
