0.29726273075036663
0.03003231191947775
0.11637571355870382
0.14622090341387875
0.11337388672008428
0.0904861538790046
0.08882757331894509
0.07521098831321088
0.03121775709706756
0.008851743999789718
0.004336921568220908
0.0036347267818123696
0.029506278534779107
0.08201978315027941
0.08091104760274137
0.07137962602629494
0.05675581595761056
0.03744680522993957
0.026593970633787767
0.018827965013899717
0.07320801792029552
0.021644968956559263
0.10553825292283248
0.14849468991081655
0.09162210916396396
0.07008496330462877
0.060170811157918835
0.04671579778087126
0.02008126673408539
0.005992004552099417
0.00328500959608391
0.004221061044685281
0.016256059511189247
0.04971902886268065
0.05233405224053467
0.049766134687111274
0.037410862150999036
0.03317954928373301
0.024535021527102685
0.018854617808241103
0.07393986832140276
0.02103404864871747
0.10650238117327654
0.13886280023667655
0.12896237601556038
0.0907980857991103
0.08485465462518421
0.07627016174993734
0.03274085422667844
0.00922639696150751
0.0034565764817990063
0.0038909343817605524
0.02719500511528783
0.08365979464052356
0.08098727793355637
0.06810905708422377
0.054904062265707765
0.040364648809416176
0.02714032273798253
0.016501034072000043
0.06472535532143692
0.02249017187595878
0.09480233054027354
0.10761815716735879
0.077191150713942
0.07367586222674993
0.0585581122748941
0.047243496083863856
0.01958104729914739
0.006143643617468386
0.0028609468688767237
0.0037741212848457217
0.015990272095754654
0.050353063857094316
0.05270888419852654
0.04730785740405341
0.04446137598389954
0.032518183380817856
0.02358840062835324
0.0179362716179145
0.06749111736517846
0.026270196995668266
0.10738806954762783
0.1329017989691625
0.1017088344190733
0.0952468993883353
0.08642942391239844
0.07825402437464463
0.035207663108209164
0.011019158274036767
0.004472225503144633
0.0067766298409034365
0.02857630583223375
0.07983448730844206
0.08646113479215664
0.06562140541326286
0.05497087357403127
0.03864573861065543
0.02569261221796562
0.0
