0.7600056272668645
0.9406133739945478
0.7674578488034292
0.753937135829815
0.8394593851463946
0.8724267826837175
0.8009257708051928
0.8275529866957543
0.9153156185905427
0.9749629660535827
0.9877375651030584
0.9890313318274164
0.924619019762631
0.7944720520671356
0.8038562936513189
0.8204568001678509
0.8626253677725244
0.9070965176143084
0.9404878017627325
0.9628876504122832
0.8732443151255894
0.9541630287921301
0.8383949858565827
0.8028099140213818
0.8823754590906672
0.9136457975328212
0.9281524839501387
0.9399107279816526
0.9707758600446332
0.993224313852066
0.9957804422260166
0.9949126068814449
0.9778742949832869
0.9281815004081726
0.9201124075238009
0.9230936734609816
0.9370553857598293
0.9409690945012823
0.9563430927615206
0.9634603928885928
0.8727871137308112
0.9503278477456515
0.7929746046817575
0.7745768524992539
0.8024032004281689
0.8403174250562125
0.8247019905170826
0.8329483198084753
0.9166773844794621
0.974541501890295
0.9900751689327278
0.9883196485676876
0.9246885310760145
0.7927995913820253
0.8025118425880011
0.8392940348296527
0.8663270210854017
0.9035105614181104
0.9377847930660974
0.9635128448273085
0.8813577247112843
0.9533114256280957
0.8573030020287871
0.8770304937092596
0.9284775864686616
0.9362885774806293
0.945347991260328
0.9538727820859494
0.9725077649113387
0.991274498255023
0.995674819154412
0.994896839514746
0.9784938396053768
0.930520755146379
0.9218549728887597
0.9261251046354496
0.9247999258439538
0.9447706305833432
0.9545172912284985
0.9638637271924124
0.8696993968377162
0.9408599825426716
0.8180684190012723
0.811880619701612
0.8791204823128771
0.9068116175440385
0.9065849845474272
0.8758159860618221
0.9410351791835829
0.9827837789778324
0.9927404413447554
0.9837639041677293
0.923271767966241
0.7948343758455223
0.7977262993803961
0.8418572871305158
0.8619552450363508
0.907454991767461
0.941078497353316
0.0
