0.001453212484146718
1.26055685765824E-4
6.243421251167813E-4
0.0012118523402557925
9.264298690032238E-4
8.233040231498555E-4
5.501637886758975E-4
2.737406781186687E-4
2.9779868807034283E-4
1.7743629279507697E-4
1.1383588991047815E-4
1.2101492612437881E-4
9.259458303127575E-5
1.7979325322849045E-4
5.36451015483281E-4
5.127852628588627E-4
4.0143745513771233E-4
2.5695227700242606E-4
1.381130193812089E-4
9.783574618583697E-5
1.319341067622953E-4
7.43961036287846E-5
3.8173626813032245E-4
5.603773652080357E-4
5.328361026841967E-4
4.6608573929712827E-4
3.8400126312103735E-4
1.3402488664052E-4
1.1139502186743373E-4
1.623179142757754E-4
1.3697761571441753E-4
1.8219355804921565E-4
1.052694447201691E-4
8.496174933466015E-5
2.0373964640489173E-4
2.6456124829663376E-4
1.960587414217321E-4
1.390642467341566E-4
1.450697387967246E-4
1.0564260975684352E-4
1.4903858070565277E-4
8.863961292754703E-5
4.2472122862092024E-4
0.0012806388786499082
6.902354298686005E-4
6.513301893806276E-4
8.184820981492391E-4
3.6019699507131324E-4
2.614449623665383E-4
1.4230196618642476E-4
1.0588486247531807E-4
1.1599539422878631E-4
1.0076170337546892E-4
1.722874627238592E-4
5.870619725561359E-4
6.253317332646101E-4
3.1735624371486944E-4
2.1333198562953215E-4
1.5238346430123095E-4
1.1971924461805445E-4
1.426318558924906E-4
8.194600670146854E-5
3.1727402355683464E-4
3.950480360919277E-4
4.4305520411372324E-4
4.740559806377491E-4
4.551261069558869E-4
3.2032799213605823E-4
1.0804620818547536E-4
1.0743440879891101E-4
1.1535305235859418E-4
9.745925105591304E-5
7.797463886208103E-5
9.573971322140578E-5
2.4454571337416745E-4
1.7816044288071237E-4
2.1870418486426784E-4
1.613170544055402E-4
9.182693811360574E-5
8.807957614910791E-5
1.549479156628185E-4
9.218726037998193E-5
3.7241364466794396E-4
7.983761936561525E-4
7.650634544844756E-4
7.052050495165616E-4
8.347603295038746E-4
4.725192266958162E-4
4.2221251331269404E-4
2.771205494956812E-4
2.2124967188092613E-4
1.248917161905875E-4
1.0090033295874516E-4
2.775138703512512E-4
4.765552148337514E-4
5.524064230436797E-4
4.1306522508188965E-4
2.1459588742637938E-4
1.3689552824592307E-4
0.0
