0.014008044072726544
0.0
0.0
0.007352103687997186
5.331357523331026E-4
0.12664193841344665
0.006607071598007344
0.011260943736185774
4.991832220516967E-4
0.0
0.0
0.005267680746965223
0.0
0.010229784618948079
0.04089170922159639
0.022997624542113015
0.008850154284241574
0.0
0.0
0.019175877849471473
0.0
0.0011055339678679443
0.002196365818027013
0.022368266540077786
0.0212361493113839
0.04818606553904284
0.021372587142737237
0.032000100348547195
3.75814309071798E-4
0.002023921997348216
0.0
4.6930822951729567E-4
0.006949323785326922
0.0042774171577953934
0.0
0.042584873250605754
0.017639545945245347
0.0
0.018570797673387346
0.004657273362424469
0.0
0.002632486750202348
0.0
0.014296302974673478
0.0
0.018409419282652162
0.0
0.003018634446182278
0.0
0.0
0.0
0.0
0.0
0.016110611914887066
0.0
0.0
0.003965573190188115
0.0
0.003138809147151325
0.002076122714724696
0.0
0.006757237404083655
0.0046611670219066925
0.010307508327353887
0.020390964872424866
0.04476340594706857
0.030237571644499
0.032017590706167165
0.009354958992869034
0.0017796356716371087
0.0
0.0062871893741170415
0.016585442294172525
0.007844200792985145
0.008120578905676079
0.010084803506821366
0.02102638626188985
0.0026967440316858077
0.014647985980315262
0.0
0.001769698636073208
0.0
0.0
0.0034806088739950114
0.0
0.0
0.04628666439089141
0.007472037719493396
0.005831741675094704
0.0
0.0
0.0
0.0
0.0
0.004749500174109855
0.01828879911108071
0.0
0.0
0.0
0.0
