0.34630588358017395
0.024039991115333285
0.08913394369283015
0.12495632744006474
0.15721333406735657
0.18955348856124818
0.059480833304867184
0.05266129674629971
0.021919041431714407
0.007226426092682878
0.006944771172830979
0.005457914451036779
0.02037451525700839
0.058360081173605215
0.05695194146538947
0.04589733501692806
0.038734869794789406
0.024975896781450038
0.02015403983492207
0.017200799785975947
0.058809045950763646
0.016604058114504862
0.08664044271825694
0.11661687704652893
0.09509968845661831
0.06689627992829644
0.057246335957792854
0.03826510696185692
0.018143125051466744
0.03672787776957606
0.018286212340371828
0.03284547789349416
0.0172588609317896
0.0370544789640859
0.03611504839392049
0.03505815101696256
0.026183213180089607
0.024936429163105886
0.019997966096130217
0.014603676235671853
0.05716187631745549
0.01618921334808737
0.07446076171602471
0.1136197281004595
0.1139607692757903
0.09313232836981611
0.06709304651119083
0.05653025863302639
0.02219225021009869
0.009810386557802414
0.007245365308767125
0.0057906137801930985
0.019020806450820008
0.058543000907495035
0.05418589442407959
0.0455556609220768
0.03526899326902007
0.027166015164693157
0.01878158177093365
0.012431001897624373
0.04927005048662596
0.01648732148311285
0.0774322011304196
0.11387801437834935
0.13943032329929747
0.13547217987226579
0.11680718980797704
0.07519361590388271
0.018790309704766472
0.010404877328979602
0.006158566669300522
0.0125449965787272
0.019390009662688595
0.04036330841340052
0.03860628167608645
0.03333166898587755
0.03141175665146493
0.025557476574786762
0.017038147720064456
0.013890585253108833
0.04866295559686053
0.019648845816984922
0.08644232324085308
0.1487751037473844
0.17540229057008278
0.1878854972452405
0.159980564640828
0.12080564094441931
0.10161925631180246
0.09211732738132006
0.082597960781004
0.017001790925561047
0.019121499494871595
0.05609817303429222
0.059168122802731996
0.04145278558141935
0.03665513823146689
0.02734125690943478
0.01858630681465613
0.0
