1.8144673394157649
0.20482763059098102
0.03226482190744691
0.008311705350235487
0.0037801931611441742
0.0020680409862401383
0.0013924291346504192
0.00149711102823894
0.0017324314530402062
0.0018767062081074038
0.0015220016553453507
0.0018050376278219925
0.0019536147952588846
0.002048053563405905
0.00200782415810421
0.0026292424136185487
0.0028452067563817796
0.003351209172695435
0.0036427193209598195
0.004101975831531779
0.004324075232046765
0.0048281342500803405
0.005349716073521538
0.0047597732670189965
0.00455671130672528
0.004004566434704549
0.0037279060625391436
0.0030692666261243453
0.003420462784123157
0.003528237776931209
0.003904042148717801
0.0032451491584981618
0.004020218317793889
0.003683010074361515
0.004104658082029022
0.0048653625822995036
0.0046255338500207355
0.004775259444387614
0.005535592988427307
0.004971372739627522
0.004814646717288507
0.005238691880271573
0.004332745907809665
0.004606838039264871
0.003374009195127969
0.004406042019094647
0.003980854637933362
0.003629796693977905
0.003574460681569691
0.003318909948900972
0.003216287073076596
0.0030996207333410684
0.004121331202532508
0.003926881632679536
0.003939098201311808
0.003974646121862724
0.0037717318756048225
0.004148487864279959
0.004168309583292862
0.004475089766716378
0.004813507381479232
0.0046332077331065254
0.006016721932959479
0.005020318130656243
0.0045471622206625815
0.004241203343869793
0.004361588198944233
0.0036422701674927007
0.0034567898389163965
0.003527408863780601
0.003734450180464477
0.004458288589628223
0.0036473054356044978
0.0035071902430425573
0.004086740655015198
0.004022979783309321
0.005289085995746156
0.005255261754129936
0.005109013071299695
0.005318382964577017
0.0048894250226892534
0.00432146452458958
0.004713394701838625
0.0038281840520831946
0.0038783315672902387
0.003589550279857123
0.003325311448721169
0.003436511194333114
0.003311399482114119
0.0030411584468779673
0.004052370925639514
0.0035907366495780526
0.003354691661127662
0.0037391844946226493
0.004017429223677182
0.003720949362123882
0.0038288334065856742
0.004631791267302709
0.00463099570552622
0.0
