0.7331217268904886
0.8915532155136916
0.9603172234650375
0.9825688429696487
0.990849400138948
0.9942150577921636
0.9959650676685321
0.9955667563576626
0.9947893844161205
0.9943024668342109
0.9953647642752648
0.9945199130178197
0.9941240940614662
0.9939350539081836
0.99418126658335
0.9925870918950992
0.9922398939876362
0.9912050999934163
0.9908463224854337
0.9901732199429976
0.9901603308256732
0.9895923149452429
0.9890929629233698
0.9908234340881942
0.9916805862840615
0.9930531949464274
0.9938226166550022
0.9951055735562753
0.9947017348325442
0.9946330105393111
0.9940978672111334
0.9950636316390298
0.9937727190666701
0.9941268634835996
0.9931983140005499
0.9915599538863253
0.9915549335551269
0.9907935776392895
0.988713995820311
0.9892835453440452
0.9890440086383607
0.9874500789352718
0.9891123758644518
0.9879098325965513
0.9907976216553838
0.987577568123899
0.9884633652597214
0.9892509875593888
0.9892490581335288
0.9899237373226158
0.9902046990312879
0.9905895028216257
0.9876042300872523
0.9883712221148613
0.988584376650785
0.9887938493399584
0.9897128603609369
0.9891127249703956
0.9895255828545831
0.9892793803084
0.9890466012591734
0.9900125049591081
0.9877330668953863
0.9903211187508825
0.9916980205238494
0.9926426959565232
0.9927725640491204
0.9941918296471114
0.994645464561182
0.9946342714430326
0.9943542564299038
0.9932182609602759
0.9943503576667363
0.9944072357472585
0.9932280043450394
0.99302125292593
0.9903434535093666
0.9898681611150002
0.9895837098216365
0.988535518685094
0.9888738465234402
0.9896474081875548
0.9881558551994465
0.9899533290195104
0.9894221170233889
0.9898795917914267
0.9903631488535138
0.9898233689943376
0.9900402699874606
0.9907669952405802
0.9876583800041434
0.9890984671944956
0.9899100596588795
0.9889270545876242
0.9883573710261006
0.9895091241152297
0.9895571198570575
0.9878443454442655
0.9883629131068531
0.0
