0.022184708038796914
0.0011335512988555172
1.7367236305425873E-4
8.03863114839078E-5
8.764460944046465E-5
8.23117749537504E-5
8.682819073561055E-5
9.251951729827873E-5
8.903503877886248E-5
9.756964428195437E-5
1.0036152757239515E-4
9.34034273841411E-5
9.953970685689674E-5
1.0570376892817051E-4
1.0129948660240338E-4
1.0070059196528097E-4
1.0388089945449919E-4
1.0436068180140801E-4
1.062508261106192E-4
1.0535939723935993E-4
1.1064316527393227E-4
1.0245293958081953E-4
1.0534268534331789E-4
1.0704179911657008E-4
1.159606707062207E-4
1.1591780251987978E-4
1.0913165187375091E-4
1.1010798143427737E-4
1.131285681033965E-4
1.1165647022945793E-4
1.1099190024812164E-4
1.2222875599607818E-4
1.0577526768944332E-4
1.1236205561873185E-4
1.1372376115196636E-4
1.0555529892727539E-4
1.0499496480196734E-4
1.1160498078819465E-4
1.1290200381573051E-4
1.2118576838584298E-4
1.1574268803270068E-4
1.1743887102470745E-4
1.1618459083073966E-4
1.0871258134639717E-4
1.1395486779635707E-4
1.133928754977214E-4
1.1227576285916731E-4
1.0759723486293926E-4
1.1491439963379524E-4
1.1822611837118764E-4
1.1059099039907904E-4
1.0855655354859339E-4
1.1075793601955841E-4
1.1190651479491536E-4
1.1261565896046439E-4
1.1393582358839841E-4
1.1124407923584839E-4
1.1300153060240304E-4
1.1310308812300107E-4
1.1132344204249354E-4
1.1141552953157011E-4
1.1397944802057332E-4
1.026462155831629E-4
1.1411094112557022E-4
1.1201226973208409E-4
1.1226679516716372E-4
1.0866497773405115E-4
1.1120671226972445E-4
1.1247164348419064E-4
1.1137702160903866E-4
1.1120206038241513E-4
1.0874261914625043E-4
1.0879470314214483E-4
1.0861859394293526E-4
1.0971343556297429E-4
1.097301534586747E-4
1.0683206975383366E-4
1.1153386648826889E-4
1.0944152999881771E-4
1.1348115818083054E-4
1.1200944553399475E-4
1.1020828225963961E-4
1.038625898370342E-4
1.2048885447750037E-4
1.0574028012021769E-4
1.190588020441822E-4
1.1060740263810361E-4
1.0669894556281185E-4
1.1053965692269737E-4
1.1582646309197832E-4
1.074872768385586E-4
1.1434881425135151E-4
1.1510104714438255E-4
1.137466459883588E-4
1.1776064330569217E-4
1.0673911364183814E-4
1.101951385159507E-4
1.0686773700350189E-4
1.1942353167232413E-4
0.0
