0.02249981569079326
0.009696554072202076
0.0015067660820584409
4.436230131033628E-4
2.6498036256096188E-5
2.465799670403411E-4
1.8168873979103328E-6
2.8097252546769452E-6
1.1610005265630733E-5
8.320635726551118E-6
3.6878753515809383E-6
1.5288549616951363E-6
1.5279679903834263E-5
6.702045792736366E-6
1.4233200895764909E-5
1.4538725216404689E-5
5.74190561504484E-6
1.7621219524217163E-5
1.7967442443726776E-5
3.8792633830278536E-5
4.1937233727951105E-5
7.262692036631712E-6
3.472166404652477E-5
3.722116999417893E-5
3.6853444552439885E-5
3.289407632788427E-5
1.1873305443197563E-5
2.187971966198035E-5
3.0286987776204087E-5
2.3113434803478938E-5
1.887778828596129E-5
7.741369700696444E-6
6.936587323969068E-5
2.26913905123971E-5
4.037375151902181E-5
2.9490473421305702E-5
2.6237259818991804E-5
1.4732962838616415E-5
3.813069077213266E-5
1.2725042252680063E-5
1.307439212754058E-5
1.755494945087574E-5
4.699357373247059E-5
3.61042112601944E-5
9.485358255837891E-6
4.0397516761653955E-5
2.6020505077578582E-5
3.213719855256029E-5
2.8134377851909282E-5
3.753228225174508E-5
1.270057339364354E-5
4.006329201608205E-5
3.693963374785531E-5
3.7998884623385853E-5
1.6285836056791764E-5
1.0927186330265959E-5
9.563000338754652E-6
1.1358173681921823E-5
1.328771968643963E-5
1.6558429281374188E-6
6.63669525971737E-5
4.752888994011481E-5
2.9106342291627258E-5
2.7064610331035965E-5
1.0975628891889132E-5
0.0
4.001459697289475E-5
3.330459660814688E-5
1.6900298846129342E-5
1.0488356718199587E-6
2.870887494491256E-5
6.602944487184292E-6
1.1678668752415633E-5
5.209762445164828E-5
2.9723208769187603E-5
1.999866195394953E-5
2.481554984035475E-5
3.755970162236874E-5
2.2553614605532597E-5
2.636287243229507E-5
1.350267943459188E-5
2.4667934537767057E-5
1.7006884312286212E-5
9.032491777236085E-6
1.6868636011330152E-6
1.350473570742583E-5
3.8739865367577384E-5
1.5806292470941716E-5
4.319568698044722E-5
7.748763093397317E-5
1.592107930797129E-5
4.0968054475610734E-5
3.592193997914508E-5
1.3559063335128949E-5
7.98696914992153E-6
2.6128579667272778E-5
1.971754631479375E-5
3.419507630270102E-5
5.475743282653128E-5
0.0
