3.363549566457371
0.5005351242768666
0.08626562596512159
0.01810843011708225
0.010260037915396513
0.005199038728420103
0.005094350874897569
0.0052834559217426426
0.005539738235426144
0.005522677181483244
0.0055382588690021
0.005682726267477493
0.0055274577495978425
0.005669447169936949
0.005459627642878956
0.0054264933564447905
0.005219480151716175
0.0051071765288391606
0.005008643472721805
0.004788590817348596
0.00486862767474608
0.004709849873229951
0.004553189378033314
0.004606608781103788
0.004428665414057684
0.004761643160195391
0.0051913193259966375
0.005423260585082861
0.006285449568798259
0.007335619290869971
0.007875074723848772
0.006564891047211073
0.006885634583656172
0.005790895084014184
0.005314079510671676
0.00475189988442082
0.004332024527703822
0.004287859682021324
0.004520555849442775
0.004509819152683437
0.004671107051141808
0.0048412124526887425
0.0046598095572822785
0.004888727123772946
0.005242541112955365
0.0056040223932274855
0.005607662143635764
0.005326567475212719
0.005452453165151921
0.005818382062803289
0.005755807178603734
0.005791571445608931
0.005918388029482168
0.005462417371001229
0.005438315970681411
0.0052371458859946565
0.005219250908816304
0.005054894413998228
0.004835868560330766
0.00466226760014786
0.004644140639096496
0.004455661129358521
0.004493893666799401
0.004356675230498142
0.0044835381865988315
0.004742027662217621
0.005001203027372268
0.0055582815281905685
0.007059501348615259
0.007512167674417612
0.007677081022589997
0.007149690943725343
0.00677519834376601
0.005654400670921866
0.005006756162842683
0.004597218567858145
0.004372601819420852
0.004449544198532341
0.0045673000915550195
0.004461067010055456
0.004701738462728765
0.004614737446020314
0.005063786549747556
0.005070119364533927
0.005178891267361715
0.005399672325114977
0.005388129610856855
0.005505103913955565
0.0056976668642822045
0.005768710771357818
0.005587288052007258
0.005613649726080025
0.005468906574545963
0.0053699689392772455
0.005411520814041362
0.005250224362313321
0.005256604642623411
0.005074482998451556
0.004817236996605818
0.0
