1.1131872098758422
0.0823280898963607
0.01187669060741211
0.0039018326083143594
0.0021511038942365057
0.0015057091348907648
0.001671238462227731
0.0015692396072034876
0.0019374092380426088
0.002107443687532706
0.0023761363357504006
0.00276947647974527
0.002705011577114469
0.002864149214588907
0.00315235713342068
0.03201218901383922
0.004986813809828861
0.004056751040539508
0.003884236524918494
0.004466418026706031
0.004725300960403101
0.0055659716502976745
0.005422779471765249
0.0046374637937053095
0.005165706888901766
0.004531254362678583
0.00405830989750362
0.0033269884902070944
0.003861209723887149
0.0035236293182411504
0.002970935905351313
0.003347196959007692
0.00365119086099337
0.0037940102282734145
0.0038107189862102153
0.004067810425659379
0.004692578229112021
0.0050907294098588626
0.005994828157829935
0.004955687716576817
0.005122069477857216
0.004774173257925151
0.004437841153341804
0.004205352510090121
0.003524495977149289
0.003768230922496507
0.0035461578414346826
0.004072434839786965
0.03693650852796242
0.004195328120616048
0.0033885829594221704
0.0030241846524629245
0.00434134401405839
0.0036075950471237683
0.0037712913061069163
0.00400531032964283
0.003570381146277846
0.0035277066178905246
0.004230865571009146
0.0045743511326144844
0.004810610362789414
0.004948554969182795
0.005708004252485443
0.005750058299801864
0.00709896072360261
0.00451117399487988
0.0037175580677630826
0.0032407213607732687
0.0035852045487407614
0.006714769837387902
0.0035575625824822766
0.002953223815387451
0.0035510264369366775
0.004094173238849685
0.0037069925719539045
0.004232527837881128
0.004628631446644049
0.005396668000466587
0.005773446828686945
0.0050388475120624835
0.005072870725936362
0.004287860593580717
0.004385138526106236
0.005456646770736651
0.004236030840880711
0.0035458050790387772
0.003944584503427695
0.023897800173249183
0.003740020398643218
0.0036350419256221066
0.003236916217223396
0.004422873892087365
0.0036851091939630654
0.004007296678652827
0.004330881429042643
0.0038510762091804817
0.004449579142598114
0.004610804927709988
0.004127575406602723
0.0
