0.651646211335129
0.9403166059367042
0.9837507123260358
0.9907732589138127
0.9941486104236497
0.995755940217089
0.9951572881613762
0.9953533594118879
0.9941728589708297
0.993601769174344
0.9927634046005099
0.991591825962408
0.9918641095797517
0.9915183195823445
0.9908643755959883
0.9816718727684114
0.9872273730030656
0.9893534787348315
0.9902394213192484
0.9893001545121729
0.9892473197841444
0.9880018083674784
0.988944000776101
0.9910592396361766
0.990568712860826
0.9921395383947477
0.9932751159634631
0.9946945956712143
0.9940190219056697
0.9946400207100489
0.9955085376764302
0.9949084013216736
0.9943443391788012
0.9939498563497328
0.9936853902424116
0.9929434842740896
0.9914325273087261
0.9901853699014543
0.9877777040712296
0.9893173564958344
0.9883444513692744
0.9885628895713576
0.9888482852493699
0.9889634896203958
0.990387179293216
0.9893758180867852
0.9897231294611537
0.9879401915735186
0.9894224199258268
0.9872629180025984
0.9896799666227434
0.9908185279467372
0.986942495308971
0.9893167338802871
0.989070686007181
0.9887073944149867
0.9902620306459221
0.99074190080115
0.9893683878341099
0.9890415876809143
0.9890531935833049
0.9893327320808133
0.9883624825766797
0.9889142221646401
0.9923506208197784
0.9932471526176929
0.9938397639568685
0.9948321621230602
0.9944465513652222
0.9952850183861714
0.9956351127943328
0.9960780543148232
0.9945826310174869
0.993471199408075
0.9938572716721243
0.9926577455380017
0.9915492781194191
0.9895955380997737
0.9882290578125967
0.9891380945043894
0.9884564058142626
0.9897279104753899
0.988980720062882
0.9898545967783668
0.9884465168223204
0.9900029273780412
0.9885684771846295
0.9904051983110433
0.9887511024830822
0.9889639556812918
0.9901418723398099
0.9865720854702988
0.9889162594737236
0.9881330869237048
0.9874489772436756
0.9891422433896698
0.9878640784963991
0.9878994219103141
0.9896279425162641
0.0
