0.032137926890511245
0.0019244253065774312
2.668656079543335E-4
1.0484034900295088E-4
8.833394020562089E-5
8.753162150545222E-5
9.337799902166404E-5
9.04832068475757E-5
9.032763336712447E-5
1.0136415729752914E-4
1.0315599161022722E-4
1.039484133209908E-4
9.948958990666968E-5
1.0718919448631935E-4
1.2010374123870484E-4
6.244166772189176E-4
1.232867219898975E-4
1.153242379826793E-4
1.1562828813172196E-4
1.1718732451555594E-4
1.1356093557420154E-4
1.0194698674207451E-4
1.0410217914905268E-4
1.1410366466478297E-4
1.0605801739910683E-4
1.0805487243927086E-4
1.1596426957060858E-4
1.1793407939493248E-4
1.0791947029661575E-4
1.1317623331222561E-4
1.0998149462421582E-4
1.1316436752811926E-4
1.1686775774290559E-4
1.0448479128569463E-4
1.1294694262888242E-4
1.1844524274559458E-4
1.1334211561146788E-4
1.0972811245044325E-4
1.1016382229072787E-4
1.1168563114921531E-4
1.2162876275660104E-4
1.1742995775307612E-4
1.1725127181219221E-4
1.1474909925874973E-4
1.0812022861621053E-4
1.1810796215377943E-4
1.1497785911160519E-4
1.1578673304966671E-4
0.004085197191576763
1.0431064495756469E-4
1.1580771940964249E-4
1.0649628486341856E-4
1.0737045964420464E-4
1.0804095075007853E-4
1.0781249349655484E-4
1.0802685779000287E-4
1.1216606364279071E-4
1.2070526725103543E-4
1.167401783586882E-4
1.1179282105290324E-4
1.0767735400073013E-4
1.0686466736366418E-4
1.061827387123738E-4
1.1214250854131168E-4
0.0013945992293520986
3.6865828497791334E-4
1.0942145117462528E-4
1.1475937584514333E-4
1.1439685545175228E-4
9.761210004119685E-4
0.0011429390017303677
2.7086238799283585E-4
1.2401003052305237E-4
1.1183669700328227E-4
1.1453366510756052E-4
1.1434245348889396E-4
1.098808496420609E-4
1.1862418836759548E-4
1.1160829054954011E-4
1.1274307507989E-4
1.0642393090071968E-4
1.0915889204508508E-4
1.1575556184271621E-4
5.123039998407157E-4
1.1830186958653786E-4
1.1458267555163951E-4
1.1048155746396797E-4
0.0023385876612560842
1.1933582854000017E-4
1.2278302716413325E-4
1.1671612052546913E-4
1.1325266083823241E-4
1.1250422932917088E-4
1.1169433883954855E-4
1.1058768201556825E-4
1.113313107399531E-4
1.1102747511718819E-4
1.1354192269500503E-4
1.0842653426743605E-4
0.0
