0.025662204575229712
0.004098921526003373
0.0038407228181646957
0.001780771236259885
4.042815586647389E-5
2.095883008403493E-5
1.313073113800474E-5
1.3533424739901185E-5
3.0922611455500707E-5
5.242040634819735E-5
8.652986794278582E-5
1.254019026203451E-4
7.217167831121488E-5
7.948423699009714E-5
0.027285195058439144
0.0064077068630096256
5.395528209643334E-5
1.4557501041340056E-4
1.4018569071436727E-4
1.5910821879198332E-4
1.9462684966397095E-4
1.406616985020169E-4
1.156115170371258E-4
1.0662613861911196E-4
1.3149960932446746E-4
8.459637767765301E-5
7.840430684957558E-5
2.3959469344483202E-5
2.464132076411135E-5
6.376631820471725E-5
1.0824900077949923E-5
9.24031088476704E-5
1.1653762184443209E-4
7.997338947202184E-5
1.2079889027349217E-4
1.477270642728956E-4
1.8150145141013137E-4
1.0306465721421216E-4
1.2356896527873222E-4
1.7639152812673822E-4
1.6582190216975768E-4
2.840331721797859E-4
1.932612896149849E-4
2.6012034434695283E-4
1.1336151471963985E-4
8.347357794074792E-5
5.3127192496072245E-5
0.02733441643884767
9.227267414340413E-5
9.092840872287241E-5
7.346126539309466E-5
4.2449220052950125E-5
5.9084186944209637E-5
4.6398419342391295E-5
5.5259275142496495E-5
1.0753295643854619E-4
6.94590494717616E-5
8.601995432414474E-5
9.85174017931932E-5
7.359540772822818E-5
6.755711533894815E-5
1.0593947835883243E-4
1.0820395001953573E-4
0.03732900835528541
0.006752285393639687
4.055188806650414E-5
3.8572344872415953E-5
3.5557462173582E-5
3.508473377853427E-5
0.010786275267199219
0.014192233917542285
4.162816122228963E-4
4.56852223497721E-5
7.815864318319668E-5
7.129071935588483E-5
5.054744065164582E-5
9.51310044819062E-5
1.0211644213688614E-4
7.099629616571651E-5
4.366957461439218E-5
6.485655875387332E-5
9.267701508340053E-5
4.4906015147005984E-5
6.786161062152484E-5
1.3355587817127923E-5
8.822339275326857E-5
5.390883126925386E-5
2.9946773661939513E-5
7.593578197138303E-5
1.1257062142880185E-4
5.8113185649966145E-6
6.143197424627461E-5
5.725786524609991E-5
7.114243778307688E-5
8.49675210192996E-5
4.859997028399225E-5
8.299695649312996E-5
1.232561996523149E-4
8.721729154712068E-5
0.0
