2.550394548344036
0.3357616237265661
0.062478858200824064
0.010272739568075095
0.005134102422796278
0.005069337277244712
0.005559216718971792
0.005454549724579221
0.005484948343643914
0.005715614736662557
0.005788512791556072
0.005798373106457571
0.0056805162629416425
0.005447332550291719
0.005423054744147569
0.05691556156967083
0.00697350087415044
0.00510647269019069
0.004889436040492666
0.004945334088205579
0.004711105291087361
0.004515871939736222
0.004420907922491337
0.004386970103639372
0.00436632069028706
0.004627863073810034
0.005299431983628093
0.005469963755177912
0.007488868443253774
0.007724269209686077
0.006954101060124651
0.006598109887118631
0.006919545444894887
0.005601936996413995
0.005063076820685634
0.004509891843443288
0.004318759688140552
0.004483755961181159
0.004467434328104711
0.0046497148673229505
0.0046848390526098484
0.004850962424958869
0.004984456947876895
0.0049397309315449235
0.004950071197275264
0.005264197210816105
0.0052660412238688566
0.005532519145263512
0.4064676309409814
0.005561299993106315
0.005759985070681654
0.00565644795154845
0.005726001502917726
0.005754403828007866
0.005363588906653432
0.005536960768707899
0.005126314878286722
0.004918000984818797
0.005000378519915263
0.004983611514919312
0.004719341216530934
0.004533992982896523
0.0044430905731500155
0.004653330995665559
0.13576647887918195
0.03207650998396401
0.005270137936492219
0.00545749399903085
0.006643958936469704
0.3265575268766412
0.11205353651398267
0.02384173730882288
0.0070038397259609125
0.0057052316202406
0.005503496544552335
0.004904968248482226
0.004370740894374629
0.004189223654923973
0.004326422634422128
0.0044089139407820195
0.004707468163375864
0.004794859395713979
0.004746354101206739
0.04626758018738118
0.005315200243565575
0.005459746337709652
0.005398099921780327
0.23017635740527626
0.005835996584965769
0.005609536585358031
0.005740548318492235
0.0057633582598281665
0.005626949089885792
0.005668574693022296
0.005655038797946304
0.0055780268405761085
0.005187939340188653
0.005211486750685985
0.004864460339052047
0.0
