1.2395076467631758
0.1810365434622768
0.016591013025757127
0.005314471663483944
0.0030527740273079583
0.0020103306840543954
0.0015508697413857187
0.0016493498517585526
0.0016870067924440902
0.0021225258393639977
0.0018699464888779715
0.0020995770686569213
0.0027428157359460693
0.002765001367844744
0.0027992562833388246
0.0029338922445573236
0.0032525862233976797
0.003247218107590033
0.0035263026360328855
0.0038460167925274845
0.004244520982519151
0.004552824687980195
0.0055437609078679674
0.004596906308978665
0.0052173098315956064
0.004476543164348023
0.003729963709915252
0.004096152976777834
0.0034047028818669388
0.003045720807926977
0.002855515491650329
0.0031928340850554183
0.0037507828994919777
0.0031840860220608835
0.0040334221937478485
0.004037159835915727
0.004402327280704577
0.004979588145715574
0.004769667550063694
0.005452405920336167
0.0045962793294302305
0.004964870233291308
0.004030135906050758
0.004091907959941221
0.004530664092532266
0.0037063241005340863
0.003589187678420458
0.0033965548005516545
0.0035570248888451505
0.003250041969012485
0.0031543029806239574
0.0034343351360906493
0.0038180337075341296
0.0033399845036462426
0.0038584228253326857
0.0037419293710067914
0.004263057061648601
0.0036492848061682958
0.003960929242908873
0.004816714720976045
0.004994854963693396
0.005089017284978925
0.004960095121880115
0.004568755722303375
0.00447574947359104
0.004891467450424592
0.0043318610451313685
0.003986848628492879
0.0033518980572851743
0.0032598546470174574
0.0029912716069021793
0.0032873555503746934
0.0039060913451009595
0.003620026154146183
0.004585520764674
0.004633039213298873
0.004656712511141703
0.005112158535051559
0.005081686335254143
0.004513116287525443
0.005599545982019327
0.004755918022095296
0.0046866889080874
0.0041742970547060665
0.003354617785113623
0.0034795736297018264
0.003592015240749169
0.0038726801876573956
0.003736104891995573
0.003222363220691515
0.0033618164090449486
0.003228245520583206
0.0035790155901702534
0.003382139111929161
0.003718816077808085
0.003608444779890785
0.004256190512848712
0.003819145997686324
0.0041608803209703836
0.0
