0.5542389793177194
0.7628457973255747
0.9711814340709687
0.9882089433632766
0.9920677409699119
0.994347401139445
0.9955088136113796
0.9951163935202837
0.9949260888556818
0.9935562666526566
0.9943050209353851
0.9936256533261678
0.9917504495669249
0.9918119348797007
0.9918876723159942
0.9917281595631893
0.991128794473456
0.991478013730533
0.9911388623966808
0.9907864008300228
0.9903413608620978
0.9901857812961122
0.9886973430112734
0.9911374321068959
0.990474498810312
0.9922344470534619
0.9938192069991745
0.9934680424058178
0.9947261467751487
0.995366992671746
0.9956830303131022
0.9951432108696695
0.9941900720337289
0.9949224760427061
0.9933163565108634
0.9929966544924387
0.9919624528534234
0.9903996437919773
0.9902755697504707
0.9882466143917584
0.9895409155467011
0.9881060518640016
0.989872795244889
0.9892612130460121
0.9876429248645637
0.9895503587005973
0.9895984277180887
0.9899416929143939
0.9893014999452246
0.9901328215900715
0.9903934734867551
0.9895733046433277
0.9885164610578675
0.9901092160228409
0.9888181762817329
0.9894499729019689
0.9883728046614021
0.9904228314880207
0.9900467025434005
0.9884609763427372
0.9886339349389097
0.9890299468911008
0.9898873247375259
0.9911917048000662
0.9918284023162185
0.9915146692262325
0.9928218238807196
0.9936423453119602
0.9948079409592729
0.9950412623411289
0.995477794153093
0.9949994292596278
0.9939495006901664
0.9942273012109732
0.9924014931909133
0.991962970087992
0.9914980091279437
0.9901440557949345
0.9896394237547005
0.9902713780307003
0.9872579275260603
0.9886066222004031
0.9882229633684441
0.9890449914338267
0.990850510394349
0.9901896608825964
0.9895902333586463
0.9885317302799077
0.9887628791923809
0.9902168547042436
0.9897614849732147
0.9901989959494815
0.9892353582884518
0.9899843824723519
0.9892227607742491
0.9898263204793322
0.9883915327016426
0.9899770484534752
0.9895442516197248
0.0
