0.009051359386133898
0.0012106748721997052
2.3553510379569314E-4
1.1986882003592886E-4
8.763434775719912E-5
8.681365545640444E-5
9.108745211255644E-5
9.91050501987195E-5
9.650983911966342E-5
1.0078803427362903E-4
1.0730639912521704E-4
1.1358170312929003E-4
1.0563431053889549E-4
1.1052355348758298E-4
1.034948781568389E-4
1.1751130190089792E-4
1.1375387762916421E-4
1.1808573454077179E-4
1.0730944886985508E-4
1.0605292545448789E-4
1.1801295484467748E-4
1.1310962569382439E-4
1.1697872773445503E-4
1.1132272212910023E-4
1.1975585802781173E-4
1.0665330526315701E-4
1.0732019490744433E-4
1.0973576032499518E-4
1.1493579878292613E-4
1.1599506687997898E-4
1.0750777664083136E-4
1.0913800422216285E-4
1.0712500212653128E-4
1.1502365100694032E-4
1.1493937127269253E-4
1.1952898635633966E-4
1.1756995808013954E-4
1.145118132828754E-4
1.1881691317042419E-4
1.125105873062743E-4
1.1148410737386188E-4
1.083668933582631E-4
1.1167229585962179E-4
1.1493388365237385E-4
1.0436115006486184E-4
1.1870369434904639E-4
1.1337187569453321E-4
1.1599035191253274E-4
1.1521216487400771E-4
1.1396320797717667E-4
1.151228531419349E-4
1.1559370361883827E-4
1.1466181309223893E-4
1.060716908824943E-4
1.0453619852994981E-4
1.0942687653520994E-4
1.1593480753094724E-4
1.1782808525295397E-4
1.10154041542353E-4
1.1340363090253606E-4
1.1400544553398894E-4
1.1865004312175395E-4
1.1376327594542253E-4
1.163068687901327E-4
1.0722253953912925E-4
1.0332401153366708E-4
1.039947683793915E-4
1.0707835472512786E-4
1.0761860911952154E-4
1.1958601918416892E-4
1.1378687119138638E-4
1.1334796791994855E-4
1.1075906279118623E-4
1.1267205585033645E-4
1.122256566171785E-4
1.1098440545990204E-4
1.1032959495127428E-4
1.140097936967186E-4
1.04569188717843E-4
1.1195730499464498E-4
1.0669165949246814E-4
1.1264523179866555E-4
1.1777892264908385E-4
1.0918110709442412E-4
1.0586480922605968E-4
1.1175251811052797E-4
1.1500334697819299E-4
1.0748171151889981E-4
1.0448007142434254E-4
1.1149839131566899E-4
1.0861987870116211E-4
1.1013536408031584E-4
1.1673744057859831E-4
1.1693364907799236E-4
1.1170777848604606E-4
1.1443848006756956E-4
1.0331086398833553E-4
1.156736021848791E-4
1.1309857773283559E-4
0.0
