0.030969833653544932
8.925379885337259E-4
0.0028762227330109535
5.574051948909628E-4
4.422848708048148E-5
8.479860764228076E-6
1.2718230023680763E-5
4.019717977833403E-5
1.0797871870014616E-5
2.2960048974042524E-6
0.0
3.93862811412897E-6
2.2008833443810938E-5
2.1365916678518435E-5
2.1973262273179694E-5
2.8779724414789223E-5
3.134021624495754E-5
2.9881238144307057E-5
3.0175778480732648E-5
4.169797428977967E-5
2.2024717474970756E-6
1.8380692396928465E-5
6.203966132171251E-5
5.335927574957808E-5
8.871562348551423E-5
3.147287984833422E-5
3.415346402124916E-5
1.5213697004870519E-5
2.5029311536818587E-5
2.0919652702231646E-5
2.88716212063847E-5
6.429392058799472E-6
3.0229849142406063E-5
3.471036726104965E-5
3.4402950741398844E-5
2.1746967057618278E-5
4.702755154663424E-5
1.6767767582567816E-5
2.749376173152851E-6
1.2054846614048542E-5
3.2726432691326804E-5
3.3328778958626595E-5
2.9478534019255348E-5
1.224715558779954E-5
1.9140785865318434E-5
1.430098719662834E-6
4.143334438536858E-5
1.89445231177289E-5
2.336945143705284E-5
1.0628479245609196E-5
1.8295825819815424E-5
2.896945825383891E-5
3.271532070377725E-5
2.8490348511480203E-5
9.437347452097289E-6
3.395134381749265E-5
3.6198911816849586E-5
7.58175588807787E-5
2.4857192655341336E-5
4.465947497900996E-6
7.182310969993527E-6
2.6430511752661284E-5
7.479539697557713E-5
3.855092012200398E-5
1.7221021208635444E-5
2.4626699761337577E-5
1.95721707110727E-5
5.451819157298032E-5
3.3094488292251256E-5
3.408102961724724E-5
4.255015817845181E-6
3.85530432463678E-5
1.745504227222139E-5
3.6578597761505185E-5
1.1857071826135851E-5
2.5238807390848272E-5
7.24289750033226E-5
6.1174638700228766E-6
7.624157594242134E-5
4.5827998017852754E-5
2.7378255266939654E-5
1.2737173016605027E-5
2.0432995918862746E-5
2.3567398755682326E-5
7.425710814758582E-6
5.063174809812297E-5
2.135202254439396E-5
1.1314921456723887E-5
1.8624730562917525E-6
3.3832143041714545E-5
1.8767602783359775E-5
2.7890035014446758E-5
3.94848902886432E-5
3.121297803431039E-5
8.19641264927784E-7
8.775157881809812E-6
1.9746423186675634E-5
2.526687657107146E-5
1.7054372528711725E-5
0.0
