2.28285671835228
0.21463937363644314
0.04343947848076576
0.01111806564030591
0.005823355533393198
0.005080718836786876
0.005135318415717723
0.005342470195838598
0.0056430891021138725
0.00549566850762568
0.005810458606404227
0.005664408095274126
0.0056770908006298654
0.005677062781463639
0.005316319497503628
0.0052995481727253204
0.005216076942999042
0.005085007784968164
0.005041039646583983
0.00486029820500713
0.004491527106003975
0.004710844656948064
0.0044640303310942405
0.004274471357482183
0.004451785894007502
0.00469795770236819
0.005046449692273185
0.005964601897886145
0.00632849462236385
0.006796429517001529
0.008159354402728731
0.007485741379309252
0.006865257292496446
0.006258459352092101
0.005332699159453012
0.004583836293081153
0.004514968226517922
0.004329943192351396
0.004320619912097699
0.0044043382139208045
0.004551576148243867
0.004644794055792494
0.004958571982371184
0.005138922843105626
0.005003662629767287
0.005236171771694486
0.00538657963888571
0.0054734508312056385
0.005706988129347916
0.005909097926682283
0.005813567122926572
0.005637874222480055
0.005606490818348949
0.005469039869494163
0.005573994184199608
0.0054509102196925105
0.0053002748329475085
0.005196372189187624
0.004988338631545424
0.0048098301044043855
0.004735628649015858
0.004703356885535229
0.004522960480707399
0.004364165958135765
0.004546130335398452
0.004594123353582947
0.005188256229032658
0.00622389099952393
0.006638904209338362
0.006902998283733213
0.007779788729090511
0.007188489456996379
0.006504427235424127
0.005431609275369705
0.004939113391050855
0.004655870911351861
0.0043441704750253
0.004494613293263197
0.004419989151262338
0.004493503473285981
0.004474443219726998
0.004870764395432389
0.004970524721455389
0.005028592188248757
0.005282423409388348
0.005369477308427376
0.005488092883158007
0.005567067501478505
0.005525086267446719
0.005759981096531426
0.005576150202320354
0.005580725451141162
0.005805829783861289
0.0056223816955469
0.00542283287839415
0.005375111338240025
0.005138696212020965
0.005094677634352194
0.004975726595284216
0.0
