0.22334103394100335
0.036542534373183416
0.12656857230728152
0.12706610510518945
0.10403708476450924
0.09066153195837096
0.09680334991107886
0.07859158724510953
0.03539927647964952
0.010988191306754325
0.0054152985918639596
0.005960344945433738
0.02751918024758296
0.07928258905685634
0.07889441949125192
0.06413703988098576
0.054633159377212664
0.03914484500978549
0.027803997347058435
0.017388024660087598
0.07191529908031119
0.018387177070759514
0.0795030952270159
0.10190688205664045
0.07411763617574058
0.06769769215949756
0.0591808418052035
0.04778946426212172
0.01882040654720002
0.005993598860546512
0.0031369520774335857
0.0031628617101154277
0.01663473000218496
0.049471648201248275
0.05215638785861826
0.04777845820687471
0.04068335834848397
0.03334956630367186
0.022256013539308284
0.020610491545114712
0.07171847748202526
0.024579975526966336
0.12671646026878117
0.13541120139275162
0.10251712763010892
0.08419156344452941
0.08920428191526772
0.07247514005406511
0.03229806577913666
0.0094153293347011
0.0034264186304327204
0.01240713360363177
0.030840469785466812
0.08168896158789266
0.08286684110141504
0.06891228297928514
0.05286157898689167
0.039089760051316286
0.022261523025855517
0.018816571877943833
0.07069363713166577
0.02562265650859713
0.09441829018665318
0.0870382268956848
0.06657363496737978
0.06371360844741303
0.06429911411714195
0.046178764568552355
0.01933304262778468
0.006208950297272198
0.0022952690593259217
0.0028313626678268533
0.016022860181396592
0.04928746936312789
0.051959328972625396
0.050390753716137215
0.03921267621535429
0.03213352418935339
0.021283233821027953
0.017250285792639014
0.06944076933631585
0.024736130712224386
0.10026190912074193
0.11344230479773659
0.09600739318730928
0.09460496064454071
0.09090170726308308
0.07429820889324337
0.03526789917452369
0.007774707946144849
0.003959991825592285
0.009703001376862253
0.028465871697837403
0.0797167394667066
0.0825751415567996
0.06540306112785343
0.05185705304717031
0.0377245134623479
0.025015238649403082
0.0
