0.8094488228180323
0.9286383762496483
0.8092106824709542
0.8524234855949901
0.8929834884896135
0.9159438502832644
0.9047255045672302
0.8798669541044034
0.9416034914803877
0.9850803863735349
0.992379463380374
0.9835078865576318
0.9216679455523151
0.8063452467655234
0.7953625005404857
0.8364812456702141
0.8667260523629174
0.9027192366745556
0.9391526697449994
0.9642344648958211
0.8844087198195998
0.9608658652639431
0.8600332324051791
0.8523095398523968
0.9025764884878578
0.9104345328135612
0.9184707892411135
0.9338862961162645
0.9725813806534719
0.9910046216690179
0.9952583884657318
0.995452482883335
0.9755301953529294
0.9286122153531764
0.9216156341182791
0.9272023533816276
0.9324281352540804
0.9386421282981201
0.9566877275503827
0.9599684391855902
0.8717073972003976
0.9447867323268386
0.7777773523198798
0.7954994570747257
0.8462547741802462
0.8788481583254865
0.8556853632371617
0.8781894272794397
0.9447926473636228
0.9850174414828775
0.9944736720546963
0.9813548304694375
0.922385883389793
0.7914841595426056
0.8002985612010138
0.8290934208646306
0.8761834018746322
0.9065591563317176
0.9473875967233845
0.9579235122951637
0.8735674351132641
0.9466936490365424
0.8428736575581528
0.8747886758773825
0.9092565311950564
0.9241867780407699
0.9267662847224976
0.9476301588540916
0.9736426154797573
0.9914529523147894
0.9967084648929954
0.9958709235265298
0.9767889431786849
0.9288600029705777
0.9235835374703788
0.9209464950656188
0.9346829591249904
0.9406685384940243
0.9592898703869501
0.9639513126610626
0.8751109405127957
0.9432998179095093
0.8274630520714081
0.8477146206876587
0.8802653206358471
0.8678230780998333
0.8617135148486097
0.8822211227034523
0.9334188722654473
0.9781157794386113
0.9905849138611883
0.9790066808182596
0.9212442581843296
0.8028542015146035
0.8004848297723579
0.8352395648210853
0.8752865732221257
0.9090580667063106
0.9413749167210843
0.0
