0.0025916611510891463
1.3076073336773416E-4
4.1685981677316397E-4
8.224826584076143E-4
7.818307989548943E-4
6.585480638837606E-4
6.702636231491874E-4
4.942822742549535E-4
3.107380198178757E-4
2.727325353505417E-4
2.5005938229743157E-4
1.1148352081138897E-4
1.0251632310891308E-4
2.0828547986674693E-4
6.627362148788798E-4
8.595642723133204E-4
3.736187437540125E-4
2.215563535419639E-4
1.2011011907108981E-4
9.273987174619592E-5
1.4317188893756954E-4
8.007608872558471E-5
3.417410037590562E-4
4.537677371102129E-4
4.41770399778537E-4
3.3245675697140176E-4
3.3630740925796735E-4
1.0778074254891532E-4
1.1055756384700125E-4
8.898780243152531E-5
7.876112584748162E-5
9.680307797528464E-5
7.692824005622753E-5
8.236410917545404E-5
2.0419400271358602E-4
2.309297704148106E-4
1.9543469730030119E-4
1.1646961139020623E-4
1.1041628131916876E-4
8.40480731935587E-5
1.4324275807641828E-4
7.416368504707573E-5
4.0555577164437263E-4
4.886031209665959E-4
4.5241784304753954E-4
6.352236603114087E-4
6.972373308983122E-4
5.186994370379557E-4
4.8714580491672173E-4
3.631449552050857E-4
2.4966238949680796E-4
1.1826324966691288E-4
1.0423669755302033E-4
2.862273349897159E-4
7.275462256712644E-4
6.930300968218458E-4
4.062513736933297E-4
2.2442901630348344E-4
1.2185818403693154E-4
1.2238380409659237E-4
2.052343688744053E-4
6.922816342900986E-5
4.666265074735721E-4
5.498697737602599E-4
4.8514536226900253E-4
3.3633172527749045E-4
3.56050522413958E-4
1.777538418469009E-4
8.961745279647342E-5
1.0137704140782155E-4
9.75974679436076E-5
1.0705986392745329E-4
9.371818516808265E-5
8.396469226014031E-5
2.2931993212200493E-4
2.869906988766949E-4
1.8496422332097524E-4
1.2842146213241289E-4
7.755286426004799E-5
7.474018361063769E-5
1.4207969180480445E-4
9.36268806145609E-5
3.5236320427498464E-4
8.220645932947033E-4
5.391507968129124E-4
7.385417414645984E-4
6.180267112050701E-4
9.205610596051195E-4
3.867220074462551E-4
1.6836051028268267E-4
1.5979851088790794E-4
1.4349634215782097E-4
8.436128028720545E-5
2.219644344465507E-4
4.051143807489878E-4
6.011515995367353E-4
3.38344681160567E-4
1.8070324182844228E-4
1.294358148714765E-4
0.0
