0.030474760299585693
0.0021690565665558603
0.0
4.134384377320055E-4
0.005439793084024203
0.00968931726981806
0.010923705152827617
0.023615959852102186
0.009690231639590263
0.0
0.20968855646144458
0.0
0.0
0.0
0.0
0.014780232651062646
0.024170963768449932
8.018071857731207E-4
0.0036299953768479942
0.013100055781034653
0.0
0.0014767408322145237
0.006248549149460381
0.0
0.027394808970895995
0.00642852697053925
0.0
0.006803708578584061
0.0
5.745699892579503E-4
0.0
0.005276059136923611
0.0010645687121950687
0.005547139970084741
0.0
0.008205903799794814
0.0
0.003184911507350008
0.010485989619234887
0.018239599150120994
0.0
0.0
0.0
0.0022362670803738327
0.03531547589763061
0.009719923788219176
0.0035714719260331734
6.492999491978374E-4
3.44126678205825E-4
0.0
0.0
0.01954550879627709
0.005278936642459056
0.011207494212027755
0.0
0.0
0.0
0.006613485496774471
0.001958874203349656
0.0029924707128162337
0.0
0.0
0.010563737832959441
0.022358238616692006
0.01102781925528179
0.0
0.015436975054595264
0.03765223188432901
0.006906361939572392
0.00484279336231469
0.009269376114348638
0.0
0.002305332961472062
0.0024415255318504248
0.01662510478131987
0.0
0.010456913080175573
0.011388477892787727
0.0
5.120484469986197E-4
0.0
5.997155871992205E-4
0.0
0.0
0.0028742729207528184
0.005173513141705749
0.011470993856833034
0.016068426909597006
0.01225728619260441
0.0
0.0
0.008189780293542712
0.0
0.0030050836181765017
0.00944477634850402
0.013291159002333422
0.0115431953762518
0.00799948375041093
0.0
0.0
