0.25525903239745945
0.029171484103168777
0.10657754303393957
0.16685833415525914
0.20416522904124962
0.2581762733890479
0.2734907755700961
0.216116951071306
0.19444542775928952
0.13191496655918805
0.1265908419129698
0.006921928240867531
0.018653877064142725
0.05663159170890798
0.05501321063962519
0.04108400212037466
0.03649879330907545
0.02651840434577695
0.02094424732822822
0.019293478430910962
0.06032284830577892
0.014192676766618513
0.0572377115761437
0.0772599333160558
0.0709756011001752
0.06497272242183527
0.045321235526841516
0.03574151232717861
0.016566106890439334
0.009292713745341845
0.007772308578625292
0.007904974955190628
0.013356884073989717
0.0361696162167673
0.037915839415172764
0.03411811476648272
0.029422393458347143
0.024602453028829137
0.01659810845005446
0.016334101493664203
0.05947690573463609
0.01837791634518864
0.09507488865815782
0.1266342309801208
0.1301658700951761
0.15427084199395524
0.12044021591460327
0.11335445858256613
0.07872694774205682
0.06265673086265124
0.07636737289727685
0.045134455937340626
0.020927831651479954
0.05802999226317819
0.05647190767722056
0.04335333239801087
0.0350908584613535
0.02670017107050411
0.01589526604907443
0.01429579667462786
0.051994502682851454
0.01821176796978935
0.07330115676436055
0.07190084434871258
0.06134367281759145
0.08763821151213289
0.08819757438473004
0.05135433667312112
0.021506635054050698
0.014859656761532317
0.009588347846633805
0.010170076902290756
0.013386541003111808
0.03681133188332686
0.036979862922573506
0.03415366275173054
0.028135073887386636
0.023119709941604914
0.016534546318349268
0.013120101932671612
0.051293586802391586
0.01849975546388556
0.07586197677494688
0.10983537805269963
0.1481934039235233
0.1527726082522984
0.1538391438839502
0.1004440513920841
0.06786285526582868
0.007879403903033487
0.018850510488070474
0.012953922858515843
0.01919436732155527
0.056168588797077174
0.056500851516032805
0.04363797169358266
0.034912616527247184
0.026349862660655792
0.017737806996291246
0.0
